1 0 3 3
4 0 4 36
5 0 5 41
10 14 10 29
11 2 11 6
12 14 12 29
13 2 13 6
15 6 15 30
16 6 16 30
19 1 19 24
20 1 20 24
21 1 21 28
24 1 24 14
27 1 29 4
30 8 30 23
31 9 31 23
33 8 33 22
34 7 34 29
35 1 35 19
37 10 37 32
38 1 38 22
40 1 40 44
41 1 41 35
42 1 42 37
44 1 44 29
45 1 45 35
48 5 48 30
49 1 49 17
50 1 50 65
51 1 51 19
52 1 52 29
53 1 53 39
54 1 54 49
56 6 56 22
57 1 57 49
58 6 58 30
59 1 59 68
60 1 60 21
63 9 63 21
64 1 64 37
65 1 65 39
66 1 66 29
69 8 69 23
72 9 76 2
77 5 80 2
81 10 81 11
82 2 82 28
83 2 83 43
84 2 84 21
86 10 86 15
87 2 87 26
88 2 88 21
89 2 89 19
90 2 90 24
92 1 92 36
93 1 93 60
96 1 98 4
99 8 99 23
100 7 100 25
102 8 102 15
103 1 103 42
104 1 104 28
106 10 106 19
107 13 107 27
108 8 108 23
109 2 109 37
112 1 114 4
115 12 115 27
116 11 116 25
117 7 117 29
119 7 119 43
120 7 120 33
122 12 122 22
123 1 123 53
124 1 124 37
126 8 126 18
127 12 127 22
128 1 128 65
129 1 129 37
131 7 131 32
132 12 132 22
133 1 133 21
134 1 134 37
137 12 137 27
138 6 138 48
139 6 139 61
141 1 141 28
142 1 142 28
143 1 143 23
144 1 144 23
147 5 147 39
149 5 149 17
150 1 150 38
153 1 153 30
155 5 155 34
156 1 156 12
157 6 157 17
158 6 158 14
159 1 159 77
162 8 164 3
165 6 168 3
169 6 173 3
175 1 175 24
177 9 177 25
178 5 178 7
179 5 179 16
180 7 180 8
181 2 181 29
182 6 182 17
183 2 183 12
185 1 185 16
186 1 186 31
189 8 189 43
190 6 194 3
195 6 195 18
197 9 197 25
198 1 198 24
