1 0 13 3
14 0 14 46
15 0 15 38
16 0 16 9
17 0 17 14
18 0 18 10
19 0 19 17
20 0 20 18
21 0 21 11
22 0 22 16
23 0 23 16
26 0 26 13
27 0 27 15
29 0 29 27
30 0 30 43
31 0 33 15
33 1 33 15
35 1 37 4
38 1 38 23
39 1 39 14
41 8 41 15
42 16 50 2
52 19 55 2
59 2 59 33
60 35 60 54
61 9 61 14
65 2 65 26
66 30 66 52
67 9 67 17
71 2 71 26
72 31 72 53
73 9 73 17
77 9 77 46
81 9 81 28
85 9 85 68
88 27 88 38
89 9 89 60
93 9 93 55
97 9 97 51
101 9 101 51
105 9 105 51
109 9 109 44
113 9 113 45
117 10 117 44
121 10 121 44
125 10 125 44
129 9 129 42
129 9 131 10
129 47 131 10
133 9 133 42
133 9 135 22
133 47 135 22
135 1 135 22
137 4 137 29
138 11 138 42
139 12 139 33
140 9 140 52
142 9 142 30
145 3 145 63
146 8 146 16
148 11 148 24
149 1 152 4
153 13 153 35
154 1 154 24
155 13 155 33
157 32 157 43
158 14 161 3
162 18 168 2
170 65 170 85
176 14 176 28
177 6 177 25
178 7 178 43
180 12 180 16
183 4 183 59
184 9 184 59
186 6 186 24
188 11 188 15
190 3 190 69
192 3 192 28
194 6 194 45
196 7 196 20
197 12 197 48
200 5 200 9
201 17 201 31
203 6 203 23
205 7 205 24
206 5 206 62
209 7 209 57
210 5 210 24
212 5 212 67
214 6 214 16
216 13 216 23
217 14 217 36
218 7 218 40
219 5 219 68
221 9 221 13
224 42 224 51
225 5 225 29
226 10 226 35
228 10 228 66
231 54 231 69
232 6 232 27
234 11 237 4
238 9 238 35
242 9 242 78
246 7 246 28
248 8 248 23
249 5 249 24
250 9 250 16
252 12 252 35
253 11 253 16
254 13 254 47
256 9 256 16
259 36 259 59
260 9 260 60
263 10 263 38
264 5 264 21
265 10 265 37
267 10 270 27
270 2 270 27
271 44 271 60
272 6 272 26
274 8 274 25
275 3 275 10
277 3 277 21
279 4 279 15
280 10 280 19
281 4 281 15
284 10 284 55
285 5 285 15
286 10 286 22
287 13 287 27
288 9 288 41
291 9 291 22
294 23 294 26
295 6 295 10
296 5 296 30
297 3 297 44
298 2 298 23
300 9 300 20
300 9 302 10
300 24 300 27
303 62 303 67
304 9 304 58
306 31 306 34
307 5 307 30
308 12 308 33
310 12 310 14
312 12 312 31
313 5 313 17
314 10 314 16
314 10 314 23
314 20 314 23
316 9 316 46
320 9 320 24
324 6 324 21
325 6 325 18
326 5 326 13
329 9 329 16
331 19 331 34
332 19 332 34
334 29 334 44
335 12 335 33
335 12 335 57
335 37 335 49
335 55 335 57
336 11 336 22
339 12 339 62
342 5 342 39
343 9 343 21
343 9 343 29
343 25 343 29
344 13 344 35
346 9 346 13
348 9 348 44
350 29 350 32
351 9 351 13
352 13 352 15
355 8 355 33
356 6 356 22
357 4 357 32
358 10 358 22
360 6 360 22
361 4 361 32
364 9 367 3
368 14 368 28
370 29 370 36
370 41 370 47
371 9 371 53
373 27 373 38
373 45 373 52
373 63 373 82
373 87 373 90
375 7 375 45
375 12 375 37
375 41 375 44
376 9 376 26
377 10 377 16
379 9 379 49
381 37 381 44
381 51 381 89
381 94 381 98
382 9 382 40
383 9 383 27
385 39 385 50
385 59 385 73
385 78 385 96
386 10 386 24
387 6 387 10
389 8 389 22
390 3 390 10
391 12 391 28
392 7 392 28
393 2 393 9
395 49 395 59
397 8 397 30
398 9 398 16
403 7 403 9
404 6 404 19
406 14 406 18
407 5 407 23
408 8 408 28
410 14 410 18
411 8 411 19
412 6 412 24
415 14 415 18
416 9 416 21
417 8 417 28
418 6 418 13
420 43 420 53
422 8 422 30
423 9 423 16
426 10 426 18
428 9 428 11
429 10 429 12
431 7 431 9
432 13 432 17
433 10 433 22
434 7 434 18
435 5 435 21
437 11 437 24
438 8 438 30
439 6 439 23
441 9 441 22
443 42 443 59
444 16 444 49
445 5 445 28
448 2 448 19
449 9 449 20
451 8 451 12
452 12 452 26
453 12 453 37
455 3 455 19
458 3 458 18
464 8 464 19
464 27 464 44
464 54 464 64
465 9 465 17
467 5 467 30
469 10 469 12
471 10 471 33
477 2 477 53
478 2 478 29
479 9 479 16
480 12 480 24
482 2 482 56
484 10 484 19
485 8 485 12
486 25 486 34
489 9 489 23
491 11 491 22
492 10 492 17
493 4 493 58
494 4 494 12
496 8 496 12
497 14 497 18
498 12 498 26
501 11 501 20
502 12 502 46
503 14 503 51
504 12 504 29
506 12 506 39
507 13 507 30
509 7 509 15
511 12 511 18
512 14 512 51
513 12 513 21
514 12 514 23
515 14 515 65
517 5 517 38
519 8 519 29
520 6 520 14
521 5 521 16
524 8 524 49
525 13 525 21
527 8 527 19
528 6 528 51
531 6 531 28
533 7 533 45
534 12 534 20
535 12 535 18
538 9 538 17
542 10 542 42
543 5 543 24
546 3 546 23
548 16 548 35
549 11 549 16
550 8 550 35
551 6 551 17
552 4 552 11
554 11 554 15
555 3 555 53
558 5 558 18
559 10 559 40
561 5 561 12
562 10 562 21
564 10 564 21
566 2 566 51
569 11 569 17
570 6 570 24
571 11 571 12
573 9 573 13
575 44 575 48
576 9 576 30
578 32 578 40
579 9 579 29
581 27 581 34
582 9 582 58
584 32 584 35
585 9 585 39
588 9 588 62
590 53 590 56
591 7 591 44
592 10 592 18
595 7 595 43
596 3 596 18
598 29 598 42
598 51 598 60
599 7 599 20
602 9 602 36
603 9 603 26
607 5 607 24
608 10 608 20
612 11 612 21
613 10 613 27
615 9 615 13
617 47 617 62
617 73 617 84
618 8 618 28
619 8 619 21
620 2 620 16
622 5 622 42
623 3 623 60
625 3 625 21
626 9 626 13
628 32 628 42
629 13 629 17
630 9 630 11
632 8 632 25
634 13 634 23
635 11 635 24
637 5 637 9
641 15 641 25
642 12 642 25
644 9 644 23
646 7 646 30
647 19 647 29
648 7 648 15
651 7 651 11
653 4 653 9
654 9 654 20
656 43 656 53
656 60 656 69
656 77 656 85
657 11 657 20
658 7 658 22
659 13 659 17
660 4 660 38
662 10 662 33
663 11 663 28
664 3 664 21
666 9 666 13
668 42 668 52
669 22 669 42
670 11 670 33
671 12 671 29
674 3 674 30
675 9 675 24
676 3 676 17
677 6 677 31
678 4 678 9
680 3 680 30
681 9 681 13
683 42 683 52
684 11 684 24
687 3 687 30
688 9 688 24
689 3 689 17
690 6 690 31
691 4 691 9
693 3 693 30
694 9 694 13
696 29 696 37
697 11 697 13
698 11 698 24
699 6 699 28
700 4 700 9
701 3 701 19
704 11 704 27
705 3 705 20
707 9 707 13
709 29 709 37
709 46 709 60
710 7 710 20
711 5 711 15
712 10 712 14
714 11 714 13
715 11 715 27
716 6 716 28
717 4 717 9
718 3 718 19
721 11 721 27
722 3 722 20
724 2 724 11
725 9 725 13
727 2 727 27
729 6 729 38
731 3 731 16
732 3 732 10
733 9 733 22
734 6 734 60
735 4 735 9
737 3 737 31
739 27 739 31
739 36 739 41
741 8 741 26
742 11 742 19
743 9 743 26
744 10 744 13
746 40 746 44
747 7 747 25
748 3 748 16
749 10 749 14
751 7 751 21
752 7 752 24
753 9 753 38
