1 0 3 3
4 0 4 16
6 0 6 39
7 0 7 33
9 0 9 30
10 0 10 32
11 0 11 33
12 0 12 34
14 0 14 25
15 0 15 52
18 8 23 2
26 9 26 35
27 4 27 8
28 11 28 15
29 8 29 64
31 13 33 1
35 10 49 1
51 11 65 1
67 8 67 20
68 14 68 55
69 19 69 65
70 19 70 38
71 19 71 36
72 19 72 53
75 9 75 15
76 1 76 19
77 8 77 63
80 1 82 4
83 6 83 24
84 1 84 12
85 1 85 11
86 7 86 33
87 1 87 69
88 8 88 10
91 8 91 46
94 8 94 76
97 8 97 39
100 14 100 62
101 9 101 34
104 8 104 26
107 8 107 20
108 4 108 9
109 9 109 54
110 8 110 12
113 5 113 17
114 24 114 29
115 7 115 59
115 34 115 43
115 47 115 50
115 56 115 58
116 7 116 11
117 8 117 9
120 10 120 12
121 11 121 83
122 11 122 65
124 11 124 15
125 11 125 67
126 11 126 61
128 11 128 15
129 11 129 73
130 11 130 57
132 11 132 15
133 11 133 64
134 11 134 40
136 11 136 15
137 11 137 78
138 11 138 68
140 11 140 15
141 11 141 76
142 11 142 63
144 11 144 15
145 11 145 70
146 11 146 82
147 11 147 96
148 11 148 44
149 11 149 55
151 8 151 14
154 12 154 14
155 4 155 9
156 14 156 41
158 13 158 42
159 13 159 51
161 8 161 16
164 10 164 53
166 11 169 9
171 11 174 9
176 11 181 2
182 11 187 2
188 8 188 14
191 6 191 40
192 6 192 24
194 14 194 47
195 14 195 24
197 10 197 35
198 12 198 78
199 10 199 26
201 8 215 6
218 10 218 12
219 11 221 2
222 11 226 2
227 11 231 2
232 8 232 14
235 1 235 18
236 1 236 28
237 1 237 11
238 13 238 44
240 11 240 34
241 8 250 3
253 1 253 11
254 10 254 20
255 5 255 45
256 7 256 19
258 8 261 3
264 1 264 11
265 10 265 20
266 5 266 45
267 7 267 19
268 11 268 30
270 8 273 3
276 1 276 33
277 11 277 53
279 8 288 3
292 8 301 3
305 13 305 46
306 12 306 78
307 10 307 28
309 8 309 37
311 8 332 2
335 10 335 47
336 8 336 79
339 10 339 45
340 8 340 82
343 1 345 4
346 4 346 23
347 9 347 28
348 6 348 37
349 9 349 24
351 9 351 25
354 10 354 68
355 11 357 9
359 11 363 9
365 11 369 9
371 8 371 14
374 8 411 2
414 19 414 52
415 12 415 64
416 9 416 36
418 8 422 2
425 10 425 68
426 11 428 9
429 11 431 9
433 11 435 9
437 11 439 9
441 8 441 14
444 8 457 2
460 1 463 4
465 8 470 2
473 9 478 2
481 6 481 40
482 6 482 47
483 1 483 25
485 15 485 48
486 9 486 35
489 6 489 39
490 6 490 58
491 1 491 25
494 6 494 41
495 6 495 60
496 1 496 25
499 6 499 39
500 6 500 86
501 1 501 25
504 15 504 50
505 6 505 43
506 6 506 83
507 1 507 25
510 6 510 49
511 7 511 25
512 7 512 25
513 6 513 87
514 1 514 25
517 1 517 31
518 1 518 69
