1 0 29 3
30 0 30 13
31 0 31 16
32 0 32 16
34 0 34 28
36 9 36 51
39 1 47 4
48 13 50 13
60 11 67 5
68 2 68 57
69 9 69 22
72 20 72 56
73 2 75 5
76 9 76 17
79 25 79 58
80 2 84 5
85 9 85 16
88 23 88 56
89 2 95 5
96 9 96 16
99 25 99 58
100 2 104 5
105 9 105 16
108 22 108 37
109 2 111 5
112 9 112 16
115 25 115 40
116 2 119 5
120 9 120 16
123 26 123 41
124 2 126 5
127 9 127 16
130 24 130 44
131 2 145 5
147 2 147 65
148 2 148 59
149 2 149 67
151 11 151 26
152 6 152 19
153 4 153 40
155 4 155 38
156 4 156 37
158 11 158 24
159 6 159 19
160 4 160 38
162 4 162 36
163 4 163 35
165 11 165 26
166 6 166 19
167 4 167 40
169 4 169 38
170 4 170 37
173 1 186 4
190 2 195 5
199 25 199 39
200 7 200 23
201 12 201 17
203 10 203 22
206 10 206 47
207 2 207 21
209 14 209 34
210 14 210 34
210 14 210 39
213 14 213 53
214 14 214 55
215 10 215 57
218 3 226 6
227 10 227 15
229 9 229 16
230 9 230 23
232 7 232 23
233 5 233 24
234 15 234 29
235 12 235 17
239 8 239 21
240 6 240 37
241 16 241 31
242 13 242 18
244 10 244 12
245 13 245 72
246 3 246 58
248 9 254 3
265 2 269 5
270 17 270 24
272 17 272 23
273 16 273 21
274 16 274 21
275 20 275 29
276 18 276 25
277 16 277 21
278 22 278 33
279 22 279 33
280 18 280 82
282 47 282 70
283 2 285 5
287 9 287 74
289 66 289 106
290 2 300 5
302 8 302 21
303 12 303 24
305 14 305 19
306 3 306 59
308 69 308 109
309 2 318 5
320 8 320 25
321 8 321 21
322 12 322 24
324 14 324 19
325 3 325 41
328 2 330 5
332 9 332 30
334 70 334 76
335 2 345 5
347 21 347 32
348 13 348 28
350 13 350 35
351 5 351 12
353 3 353 17
355 11 355 17
356 29 356 30
358 6 358 74
359 7 359 63
361 5 361 18
362 5 362 41
364 11 364 32
365 6 365 19
366 6 366 42
368 24 368 35
370 4 370 11
372 4 372 49
373 18 373 37
376 7 376 27
377 8 377 18
384 15 384 32
386 7 386 13
388 16 388 42
390 8 390 77
390 34 390 50
390 55 390 75
392 15 392 21
393 17 393 25
394 6 394 40
395 6 395 34
396 6 396 38
398 6 398 13
399 9 399 41
402 5 402 18
403 24 403 35
404 5 404 36
405 5 405 33
407 5 407 12
409 14 409 15
414 7 414 13
415 2 422 5
424 10 424 72
426 16 426 33
427 16 427 33
430 13 430 24
431 13 431 24
432 2 432 20
434 29 434 52
435 11 435 26
436 9 436 33
437 9 437 22
439 13 439 26
440 12 440 15
443 9 443 27
445 6 445 24
447 14 447 51
448 7 448 14
449 5 449 37
450 16 450 49
452 16 452 32
457 16 457 27
458 14 458 42
459 4 459 24
461 7 461 26
462 5 462 49
463 14 463 34
465 4 465 46
467 6 467 20
469 4 469 53
472 6 472 29
473 4 473 30
474 4 474 12
477 4 477 37
