1 0 3 3
4 0 4 9
5 0 5 10
6 0 6 16
7 0 7 18
8 0 8 17
9 0 9 13
10 0 10 18
11 0 11 16
13 0 13 31
14 0 14 37
15 0 15 45
16 0 16 30
17 0 17 29
19 0 19 38
20 0 20 46
22 0 22 36
24 0 24 19
25 0 25 50
26 0 26 36
28 18 28 54
29 10 29 20
33 37 33 51
33 59 33 74
35 10 35 43
36 9 36 18
37 3 37 18
38 3 38 23
39 7 39 35
41 2 41 6
44 4 44 19
45 6 45 18
46 5 46 24
47 10 47 11
48 9 48 12
49 8 49 47
52 1 71 4
72 8 72 18
73 14 73 24
74 15 74 25
76 4 76 22
77 10 77 17
79 5 79 27
80 11 80 16
82 3 82 69
84 4 84 23
85 11 85 18
87 5 87 29
88 12 88 18
90 3 90 71
92 9 92 25
93 1 93 19
94 7 94 23
95 1 95 23
97 9 97 17
97 9 97 31
97 21 97 31
98 6 98 52
99 8 101 22
101 1 101 22
103 8 105 21
105 1 105 21
107 7 107 13
110 8 110 25
111 8 111 31
112 8 112 37
113 8 113 29
114 8 114 11
117 7 117 78
118 8 118 28
122 7 122 67
123 8 123 28
126 1 128 4
130 4 130 44
138 1 143 4
145 4 145 9
147 5 147 12
150 7 150 16
157 15 157 22
158 5 158 32
161 7 161 41
162 8 162 26
162 16 162 19
162 23 162 25
168 10 168 16
170 10 170 23
171 9 171 26
178 3 178 7
180 6 180 33
188 24 188 30
189 13 192 2
193 4 193 13
194 9 194 50
196 9 196 54
198 66 198 68
198 79 198 81
199 1 204 4
205 4 205 44
209 5 209 32
210 9 210 25
211 17 211 30
213 17 213 19
215 7 215 38
216 12 216 19
218 8 218 24
219 9 219 20
220 3 220 7
222 3 222 8
226 15 226 41
227 7 227 19
228 5 228 39
229 3 229 82
230 3 230 8
237 33 237 53
238 9 238 18
240 15 240 19
241 24 241 42
243 21 243 42
244 9 244 19
245 9 245 16
248 2 248 75
248 53 248 54
248 59 248 74
251 1 253 4
255 10 255 17
256 5 256 17
258 19 258 30
259 16 259 50
260 12 260 24
261 8 261 17
262 6 262 14
263 11 263 37
264 5 264 52
265 7 265 15
267 19 267 30
268 12 268 63
270 35 270 40
271 8 271 40
272 9 272 24
274 7 274 58
275 6 275 55
276 10 276 32
277 16 277 35
278 6 278 46
279 6 279 77
280 10 280 31
281 9 281 24
283 7 283 71
284 6 284 62
287 3 287 10
290 1 292 4
294 12 294 31
295 5 295 44
297 3 297 12
300 8 300 67
301 3 301 50
303 19 303 32
304 1 307 4
325 2 325 20
327 16 327 20
328 17 328 19
329 17 329 19
330 13 330 16
333 21 333 32
334 22 334 34
339 20 339 28
340 20 340 28
341 17 341 22
342 20 342 28
343 19 343 26
344 19 344 26
345 16 345 20
346 19 346 26
347 19 347 26
349 18 349 47
350 18 350 39
353 23 353 33
354 23 354 42
357 18 357 23
360 9 360 45
363 5 363 21
364 6 364 27
365 19 365 71
367 19 367 72
369 18 369 44
371 12 371 75
374 20 374 59
376 12 376 33
377 2 377 24
379 2 379 17
380 2 380 28
382 9 382 26
385 5 385 27
386 10 386 29
388 28 388 87
389 9 389 10
392 2 394 5
396 12 396 19
397 4 397 24
398 4 398 24
400 22 400 51
401 17 401 21
402 7 402 39
405 13 405 32
406 10 406 30
407 10 407 30
409 17 409 35
411 7 411 29
412 5 412 61
414 29 414 31
415 5 415 26
416 9 416 22
418 3 418 28
421 5 421 25
422 3 422 28
425 2 427 5
429 8 429 33
430 10 430 37
431 9 431 35
433 12 433 25
435 3 435 21
436 9 436 24
437 3 437 26
439 12 439 30
442 21 442 28
443 10 443 44
444 9 444 42
445 3 445 30
447 11 447 18
448 6 448 28
449 4 449 12
452 4 452 27
453 10 453 25
454 4 454 21
459 10 459 38
462 2 478 5
479 11 479 32
482 15 482 61
483 12 483 64
484 12 484 19
487 5 487 31
488 6 488 27
492 14 492 32
495 8 495 23
497 12 497 28
498 13 498 25
499 11 499 86
501 15 501 46
502 6 502 67
504 4 504 12
506 11 506 39
507 9 507 66
508 11 508 24
509 15 519 4
523 21 523 26
524 6 524 27
525 22 525 26
531 8 531 10
532 6 532 28
533 14 533 46
534 32 534 55
536 10 541 5
542 3 542 9
545 13 545 81
546 22 546 62
548 6 548 43
555 7 555 59
556 15 556 17
558 3 558 60
559 10 559 36
560 11 560 38
562 18 562 20
563 13 563 15
565 9 565 16
566 24 566 69
567 19 567 26
568 16 568 52
569 12 569 61
570 4 570 30
572 7 572 32
573 5 573 13
575 12 575 40
576 15 576 59
577 12 582 5
583 8 583 47
585 11 585 17
586 4 586 76
588 3 588 45
590 6 590 39
591 15 591 51
592 12 594 5
595 7 595 25
596 21 596 31
598 8 598 47
599 13 599 19
600 11 600 45
601 10 601 79
604 10 604 12
607 7 607 46
609 5 609 41
612 5 612 35
614 3 614 33
617 10 617 70
617 49 617 67
618 14 618 18
619 9 621 4
622 3 624 4
626 5 626 11
627 27 627 29
628 3 628 24
630 3 630 28
632 6 632 30
635 4 635 35
638 12 638 50
639 9 639 45
640 9 640 42
643 23 643 34
644 48 644 51
647 15 647 26
649 7 649 24
650 8 650 26
651 9 651 27
652 11 656 7
657 5 657 25
658 10 660 7
661 12 661 40
663 8 667 3
668 2 668 20
669 9 669 66
671 8 676 3
677 10 677 53
678 2 678 42
680 2 680 26
681 9 681 13
685 7 685 24
686 29 686 43
687 3 687 48
691 2 693 5
696 3 696 20
697 9 697 16
698 3 698 7
702 2 702 21
707 8 707 10
708 14 708 25
709 11 709 38
712 2 712 27
713 15 713 30
715 14 715 26
716 5 716 23
718 3 718 61
723 13 723 52
724 14 724 43
727 5 727 20
728 6 728 32
729 4 729 23
731 6 731 48
733 4 733 34
738 5 738 23
739 15 739 23
740 10 740 34
741 7 741 22
742 15 742 26
743 10 743 34
745 15 745 23
746 8 746 24
747 28 747 52
748 4 748 54
749 10 749 34
751 10 756 3
758 17 758 82
759 20 759 45
760 2 760 46
762 5 762 29
765 3 765 34
768 2 772 5
774 11 774 34
775 5 775 16
780 12 780 64
781 12 781 25
782 10 782 38
784 5 784 30
785 11 785 20
787 5 787 21
788 5 788 75
794 2 798 5
802 12 802 31
803 2 803 23
805 16 805 21
807 11 807 18
808 14 808 30
809 6 809 19
811 4 811 22
812 4 812 12
814 6 814 46
816 4 816 19
817 23 817 25
819 7 819 20
821 5 821 23
824 5 824 21
828 4 828 8
830 5 830 16
832 4 832 28
833 10 833 19
836 4 836 20
837 4 837 68
839 2 839 28
842 2 844 5
845 2 845 36
848 20 848 44
849 11 849 19
850 3 850 48
852 5 852 63
853 3 853 28
855 6 855 30
857 4 857 35
