1 0 3 3
4 0 4 11
5 0 5 10
6 0 6 13
7 0 7 18
9 0 9 34
10 0 10 31
11 0 11 32
13 0 13 32
14 0 14 30
15 0 15 39
16 0 16 44
18 0 18 29
19 0 19 49
20 0 20 62
21 0 21 48
23 0 23 34
24 0 24 19
27 1 29 4
31 10 31 12
33 10 33 15
34 7 34 16
35 2 35 24
36 5 36 37
37 12 37 14
38 4 38 25
41 8 44 2
47 8 50 2
53 1 55 4
57 9 57 22
58 9 58 53
60 7 60 12
61 16 61 18
62 17 62 22
64 8 64 18
65 7 65 21
66 7 66 28
66 20 66 21
66 25 66 27
67 20 67 21
71 26 71 49
72 25 72 44
74 3 74 67
76 10 76 21
79 1 81 4
83 5 83 16
84 9 84 62
87 13 87 28
88 5 88 57
89 3 89 14
91 8 91 40
94 1 96 4
98 5 98 57
99 4 99 10
100 7 100 16
102 7 102 28
103 8 103 55
106 13 106 32
107 5 107 18
108 3 108 30
111 1 111 25
114 1 116 4
118 8 126 2
129 1 131 4
133 13 133 51
134 10 134 37
136 7 136 64
137 1 137 10
141 4 141 23
142 8 142 49
143 8 143 35
144 32 144 44
145 2 145 75
148 1 151 4
153 4 153 34
154 9 154 11
157 5 157 70
158 10 158 12
159 8 159 18
160 9 160 11
162 7 162 20
163 8 163 60
166 1 168 4
169 8 169 59
172 1 174 4
176 13 176 15
179 5 182 31
184 8 184 59
187 9 187 49
188 4 188 14
189 2 189 43
192 28 192 32
195 1 195 32
197 8 197 9
200 1 203 4
205 13 205 15
208 5 211 31
213 8 213 65
214 1 214 37
215 1 222 3
224 8 224 9
226 11 226 26
227 1 229 4
233 7 233 22
234 9 234 17
237 6 237 38
238 26 238 68
240 9 240 10
243 9 243 36
244 2 247 3
250 8 254 3
255 14 255 29
256 6 256 20
257 4 260 6
262 10 262 15
263 5 263 20
264 3 264 28
266 5 266 10
267 3 267 28
268 12 268 17
269 4 269 37
272 2 272 29
273 2 273 47
275 10 275 34
276 9 276 20
277 3 277 40
279 3 279 81
282 7 282 47
284 13 284 31
285 5 285 13
286 3 286 66
287 3 287 69
289 12 289 29
290 5 290 12
291 3 291 80
292 3 292 72
293 3 293 76
294 3 294 74
295 3 295 74
297 5 297 12
298 3 298 68
300 9 300 12
303 2 303 77
305 8 305 23
306 5 306 21
307 3 307 44
308 7 308 18
310 16 310 48
311 6 311 12
312 9 312 14
313 4 313 13
314 32 314 72
315 5 315 17
318 6 318 10
319 8 319 38
320 4 320 32
322 2 322 39
325 10 325 12
327 12 327 41
328 8 328 18
329 11 329 27
330 3 330 48
331 9 331 22
334 11 334 25
335 10 335 21
336 4 336 41
338 4 338 82
340 13 340 70
341 3 341 70
344 3 344 21
346 9 346 14
348 2 348 19
349 2 349 23
350 2 350 23
352 2 352 20
353 2 353 35
356 13 356 15
358 16 358 26
359 12 359 41
363 6 363 39
364 14 364 71
366 9 366 20
367 3 367 7
369 8 369 25
370 2 370 81
374 14 374 33
375 9 375 20
376 14 376 16
378 6 378 35
379 4 379 57
382 5 382 8
383 3 383 46
384 16 384 48
385 6 385 12
386 9 386 14
387 4 387 13
388 32 388 74
389 5 389 17
392 7 392 49
393 3 393 18
394 3 394 31
396 2 396 52
399 12 399 41
403 23 403 33
404 6 404 24
405 4 409 5
411 4 414 5
417 6 417 47
418 2 418 16
419 9 419 19
421 2 421 21
423 2 425 5
427 9 429 21
429 2 429 21
431 2 433 5
435 6 435 44
436 2 439 18
438 2 438 20
439 2 439 18
441 2 443 5
445 8 445 25
448 12 448 41
449 12 449 69
451 2 451 20
452 2 452 35
453 2 453 81
455 5 455 21
456 6 456 20
457 8 457 50
458 4 458 32
460 2 460 20
461 11 461 47
462 3 462 17
465 2 469 5
471 2 471 20
472 2 472 35
474 8 474 25
477 12 477 41
478 12 478 69
479 2 479 81
481 15 481 17
483 12 483 22
484 7 484 35
485 5 485 47
487 3 487 20
490 15 490 20
491 5 491 8
492 7 492 18
494 3 494 18
497 19 497 51
499 8 499 13
500 3 500 12
501 31 501 86
502 4 502 16
503 7 503 19
504 5 504 24
507 7 507 26
510 5 510 63
512 13 517 4
516 7 516 25
516 29 517 3
518 9 518 68
519 10 519 22
520 3 520 12
522 3 522 21
525 5 525 9
526 7 526 39
527 3 527 31
530 11 530 19
531 7 531 39
533 22 533 50
534 10 534 33
535 4 535 35
537 4 539 22
539 2 539 22
541 7 541 36
542 10 542 17
545 16 545 34
546 6 546 43
548 26 548 47
549 13 549 30
550 14 550 32
551 9 551 14
554 21 554 32
555 20 555 30
556 18 556 26
557 21 557 27
558 17 558 21
559 14 559 18
560 14 560 18
563 1 567 4
569 9 569 30
570 11 570 30
572 4 572 35
573 9 573 50
574 10 574 66
575 16 575 32
577 9 577 34
578 10 578 50
579 16 579 32
581 8 581 32
584 1 586 4
588 4 588 35
590 9 590 24
591 6 591 57
593 9 593 24
596 9 596 17
599 1 601 4
603 9 603 35
605 11 605 31
606 8 606 19
608 12 608 37
609 9 609 20
610 10 610 83
612 35 612 41
614 4 614 10
615 29 615 66
617 16 617 30
618 9 618 18
619 10 619 12
621 7 621 40
622 4 622 20
623 9 623 47
624 6 624 29
625 9 625 48
628 2 628 6
630 8 630 37
633 1 635 4
637 9 637 24
639 9 639 33
641 8 641 23
643 36 643 55
644 8 644 19
645 9 645 77
647 4 647 10
648 29 648 66
649 9 649 48
651 16 651 30
652 9 652 18
653 10 653 12
655 4 655 52
657 10 657 25
659 8 659 39
662 1 664 4
666 8 666 34
667 9 667 28
668 9 668 11
670 4 670 22
671 20 671 25
672 5 672 12
673 10 673 48
674 11 674 51
676 10 676 21
678 9 678 18
680 8 680 19
683 1 685 4
687 10 687 56
688 7 688 29
690 5 690 12
691 1 691 37
692 7 692 8
694 20 694 31
696 16 696 44
697 9 697 32
698 3 698 11
700 6 700 21
701 4 701 12
704 9 704 31
706 12 706 59
707 9 707 19
708 12 708 17
709 2 709 22
710 14 710 31
711 2 711 41
713 8 713 11
716 1 721 4
723 7 723 17
726 10 726 17
727 8 727 35
728 5 728 21
729 3 729 8
731 10 731 14
733 8 733 19
736 1 743 4
744 5 744 15
745 11 745 13
747 7 747 11
748 10 748 35
749 5 749 15
750 3 750 32
753 9 753 18
755 9 755 32
756 4 756 14
757 2 757 31
759 1 759 62
760 8 760 15
762 17 762 32
763 1 765 4
769 22 769 34
770 17 770 24
771 17 771 24
772 16 772 22
774 2 774 17
775 2 775 23
776 60 776 86
777 2 777 43
779 5 779 38
780 7 780 17
782 7 782 21
784 9 787 3
785 4 785 25
785 29 785 54
785 55 785 56
790 2 790 20
791 2 791 18
793 2 795 5
797 9 797 19
800 16 800 26
802 14 802 55
804 9 804 31
804 9 804 39
805 6 805 22
806 8 806 21
807 17 807 24
809 8 809 12
810 17 810 24
814 13 814 41
816 21 816 68
817 10 817 33
819 4 819 42
822 2 829 5
831 2 831 37
832 9 832 13
835 10 835 12
836 10 836 12
837 14 837 16
838 14 838 27
839 12 839 33
840 5 840 12
841 13 841 23
845 11 845 20
846 6 846 15
847 4 847 9
850 5 850 17
852 10 852 18
853 7 853 20
856 35 858 4
859 7 859 20
861 17 861 69
862 11 862 26
864 6 864 27
865 36 867 5
870 12 870 26
871 12 871 32
872 14 872 43
873 7 873 14
874 22 874 32
875 14 875 44
877 22 877 43
878 24 878 55
878 24 878 63
879 8 879 24
881 20 881 53
882 24 882 60
883 28 883 42
885 9 885 24
886 16 886 87
888 16 888 64
890 22 890 47
891 17 891 62
892 16 894 7
895 38 895 45
897 18 897 35
898 9 898 34
899 14 899 71
901 14 901 36
902 14 902 35
905 13 905 22
906 12 906 48
908 5 908 16
909 11 909 13
911 12 911 80
911 46 911 55
911 59 911 66
911 70 911 79
912 9 912 62
915 9 915 48
918 15 918 30
922 9 922 21
923 8 923 36
924 2 924 11
925 9 925 17
926 9 926 32
927 9 927 32
928 9 928 25
931 7 931 30
932 7 932 32
933 7 933 35
934 7 934 26
935 7 935 27
936 16 936 38
938 6 938 21
939 18 939 25
940 2 940 37
943 7 943 22
944 10 944 17
945 7 945 22
946 13 946 20
948 9 948 11
949 12 949 14
950 8 950 44
953 7 953 22
954 17 954 24
955 10 955 44
957 9 957 15
959 5 959 69
960 8 960 31
