1 0 3 3
4 0 4 10
5 0 5 16
7 0 7 32
8 0 8 30
11 2 11 31
12 2 12 28
15 1 17 4
18 1 18 26
21 1 23 4
24 1 24 12
25 1 25 17
26 1 26 78
27 5 27 56
28 1 28 20
30 6 30 25
31 12 31 44
32 8 32 33
35 11 35 13
36 5 36 28
37 7 37 51
38 10 38 25
40 8 40 53
41 21 41 30
42 9 42 34
43 3 43 7
46 8 46 57
47 25 47 34
48 9 48 34
49 3 49 7
52 8 52 54
53 22 53 31
54 9 54 34
55 3 55 7
58 2 58 7
60 5 60 11
61 1 61 24
63 7 63 38
64 2 64 20
66 4 66 11
67 8 67 38
68 3 68 24
70 36 70 48
71 20 71 28
72 10 72 24
73 10 73 24
74 10 74 45
75 1 75 10
77 21 77 55
78 4 78 49
80 2 80 25
84 2 84 27
86 8 86 19
