1 0 3 3
4 0 4 9
5 0 5 10
6 0 6 16
7 0 7 18
9 0 9 16
10 0 10 19
12 0 12 31
13 0 13 32
14 0 14 30
15 0 15 39
17 0 17 38
18 0 18 42
20 0 20 37
21 0 21 46
23 18 23 31
26 9 26 31
36 22 36 30
37 22 37 30
38 19 38 24
39 21 39 28
40 18 40 22
41 21 41 28
42 22 42 30
43 21 43 28
44 20 44 26
45 17 45 41
49 67 49 76
50 11 50 24
51 9 51 20
54 13 54 46
55 13 55 59
57 5 57 31
58 9 58 43
60 3 60 36
61 9 61 50
63 8 63 53
64 12 64 60
64 17 64 43
64 47 64 50
65 12 65 37
65 12 65 49
65 41 65 49
67 7 67 24
68 2 68 11
70 5 70 18
71 11 71 13
74 13 74 84
75 13 75 27
77 9 83 3
86 2 88 5
91 8 91 28
92 3 92 51
93 9 93 22
95 3 95 23
96 3 96 41
99 2 101 5
103 10 103 24
104 2 104 24
105 2 105 22
107 9 107 32
108 7 108 23
109 8 109 24
112 9 112 22
113 9 113 65
114 2 114 25
115 2 115 13
116 2 116 18
117 2 117 13
118 2 118 18
120 28 120 30
121 24 121 41
122 16 122 32
123 11 123 67
124 13 124 32
127 13 130 4
132 3 149 5
148 26 148 58
148 45 148 53
151 19 151 28
152 2 152 22
154 36 154 48
155 1 159 3
161 7 161 66
163 24 163 45
164 21 164 48
165 1 165 28
167 1 167 27
168 1 168 18
170 3 170 26
172 1 172 51
