1 0 15 3
16 0 16 9
17 0 17 10
18 0 18 16
20 0 20 30
21 0 21 32
22 0 22 30
23 0 23 45
25 14 25 23
26 16 26 39
27 18 27 44
30 1 32 4
34 4 34 25
35 9 35 37
37 7 37 34
39 4 39 16
40 9 40 23
42 8 42 25
45 1 48 4
51 10 51 28
52 7 52 17
53 2 53 13
55 17 55 85
58 1 60 4
63 2 65 5
66 9 66 44
69 2 71 5
73 6 73 16
75 2 75 14
76 3 76 28
77 12 77 20
78 2 78 19
81 2 83 5
85 2 85 22
88 9 95 3
97 10 97 78
100 2 103 5
104 11 104 22
105 6 105 14
106 4 106 27
109 2 115 5
116 15 116 20
117 20 117 30
120 21 120 23
121 20 121 22
124 19 124 29
127 2 132 5
134 2 134 6
137 2 139 5
141 9 141 49
141 27 141 42
141 46 141 48
144 2 153 5
155 5 155 21
156 17 156 33
157 7 157 19
158 5 158 22
159 3 161 5
163 16 163 32
164 2 164 31
165 2 165 24
167 2 167 14
170 2 172 5
174 19 174 29
175 2 175 16
176 2 176 14
178 2 178 37
179 8 179 47
180 3 180 68
183 2 185 5
187 9 187 39
190 2 193 5
194 6 194 16
195 5 195 38
198 9 198 17
199 5 199 40
202 13 202 31
203 15 203 34
204 9 204 31
205 11 205 37
206 6 206 34
212 2 214 5
216 2 216 23
217 2 217 24
218 2 218 22
221 2 223 5
225 2 225 25
226 2 226 24
227 5 227 31
228 3 228 24
231 7 231 34
232 18 232 54
232 18 232 62
235 7 235 34
236 2 236 44
239 10 239 46
240 9 240 24
241 5 241 9
242 22 242 65
243 21 243 24
243 21 243 32
244 21 244 27
245 22 245 25
248 10 248 46
249 8 249 24
249 8 249 30
249 28 249 30
250 8 250 23
250 8 250 29
250 27 250 29
251 11 251 26
251 11 251 32
251 30 251 32
252 9 252 63
254 2 254 38
257 9 257 37
258 9 258 55
259 19 259 39
262 9 262 37
263 11 263 60
264 2 264 23
267 23 267 27
268 2 273 5
274 2 274 23
275 9 275 50
277 2 277 17
279 2 279 23
280 11 280 30
282 5 282 30
284 20 284 26
285 3 285 25
288 10 288 28
289 13 289 41
292 10 292 28
293 2 293 53
