1 0 3 3
4 0 4 10
5 0 5 10
6 0 6 16
7 0 7 13
8 0 8 16
9 0 9 11
11 0 11 32
12 0 12 30
14 0 14 40
15 0 15 34
16 0 16 43
18 0 18 20
19 0 19 22
21 14 21 41
24 1 26 4
27 7 27 38
28 2 28 17
29 9 29 19
31 4 31 35
32 2 32 66
34 1 34 14
37 5 37 31
38 8 38 46
41 10 41 12
43 10 43 11
44 5 44 34
45 3 45 46
47 7 47 41
48 3 48 19
50 8 50 14
52 12 63 1
66 1 76 4
77 8 77 60
80 1 83 4
85 17 89 2
90 13 101 2
106 2 106 30
107 9 107 36
109 2 109 17
110 30 110 46
111 2 114 5
115 9 118 3
121 7 121 29
124 7 124 53
125 5 125 21
126 3 126 21
128 9 128 11
131 2 131 17
133 6 133 51
134 5 134 64
135 7 135 15
136 12 136 34
137 7 137 31
138 9 138 10
139 5 139 10
140 9 140 10
143 17 143 24
144 20 144 30
145 14 145 18
146 2 146 14
150 20 150 37
151 9 151 23
152 8 152 24
153 8 153 28
154 8 154 28
155 8 155 32
157 8 157 46
158 5 158 21
159 12 159 22
162 8 162 21
163 14 166 3
165 3 165 17
165 21 165 24
168 2 168 17
170 2 172 5
174 6 174 18
175 8 175 31
176 7 176 16
177 9 177 10
181 2 183 5
184 6 184 18
186 8 186 31
187 6 187 31
188 11 188 12
189 7 189 16
194 2 194 25
196 2 198 5
199 11 199 13
201 6 201 10
202 8 202 36
203 3 203 30
204 7 204 17
206 9 206 32
209 2 211 5
213 9 213 40
216 8 216 25
217 8 217 21
218 9 218 28
221 2 223 5
224 9 224 47
227 2 230 5
232 10 232 24
233 11 233 48
234 3 234 55
237 8 237 21
238 26 238 47
239 9 239 59
242 2 244 5
246 9 246 18
247 9 247 27
248 6 248 16
250 9 250 40
253 2 255 5
257 9 257 18
258 9 258 23
259 6 259 16
261 9 261 40
264 2 266 5
270 14 270 28
271 7 271 37
273 14 273 45
274 12 274 31
276 8 276 33
277 12 277 64
278 4 278 9
281 9 281 18
282 3 282 7
284 9 284 19
286 13 286 28
287 1 289 4
292 2 292 17
295 2 295 17
297 11 297 19
298 6 298 20
299 4 299 13
301 2 301 37
305 17 305 42
307 10 307 29
308 5 308 9
309 39 309 42
310 13 310 25
312 9 316 3
319 9 322 3
325 9 328 3
331 2 333 5
334 6 334 34
335 11 335 45
339 9 339 32
340 10 340 33
340 10 340 41
341 9 341 19
344 9 349 3
352 2 354 5
355 11 355 28
359 9 359 39
360 10 360 33
360 10 360 41
361 9 361 19
364 9 369 3
371 2 371 18
373 5 373 64
375 10 375 12
378 11 378 67
379 20 379 46
380 9 380 23
381 11 381 13
383 21 383 43
384 10 384 24
385 11 385 13
387 24 387 28
388 29 388 37
390 9 394 3
396 2 396 22
397 2 397 30
399 9 403 3
406 5 406 38
407 10 407 12
408 9 408 65
411 9 411 27
412 19 412 54
415 11 415 38
416 7 416 33
417 3 420 4
423 5 423 16
424 7 424 53
426 3 430 4
433 17 433 63
434 7 434 35
435 3 438 4
441 17 441 55
442 7 442 35
443 3 446 4
449 5 449 15
450 7 450 51
452 3 456 4
459 10 459 31
460 5 460 23
461 10 461 47
463 9 463 11
466 2 466 35
467 2 473 26
469 2 469 22
470 2 470 20
471 2 471 28
472 2 472 25
473 2 473 26
475 9 479 3
478 15 478 36
481 2 481 20
481 11 481 19
483 9 486 3
488 2 488 20
490 11 490 24
492 16 492 28
496 6 496 32
498 16 498 29
499 11 499 33
502 23 502 45
503 4 503 29
505 11 505 24
505 11 505 44
505 28 505 34
505 40 505 44
506 3 515 25
515 2 515 25
517 11 517 24
519 11 519 13
520 5 520 18
521 3 521 42
523 9 523 73
526 9 531 3
533 2 533 19
535 9 541 3
543 2 543 16
545 9 545 11
548 11 548 29
549 3 549 47
552 16 552 22
553 23 553 25
554 14 554 16
557 6 557 23
558 18 558 26
560 28 560 68
561 34 561 42
562 20 562 47
564 4 564 12
565 6 565 23
569 16 569 42
570 8 570 44
572 8 572 12
574 15 574 31
576 5 576 25
577 10 577 23
579 10 579 28
582 8 582 26
583 5 583 18
584 6 584 32
585 27 585 34
587 1 587 18
589 7 589 43
590 2 590 17
592 8 592 10
593 8 593 10
594 13 594 36
595 5 595 15
596 3 596 11
597 2 597 16
598 2 598 16
600 7 600 45
601 2 601 20
603 7 603 48
604 2 604 20
606 8 606 10
607 8 607 10
608 13 608 27
609 5 609 15
610 3 610 11
611 2 611 46
612 2 612 16
614 7 614 39
615 2 615 42
617 36 617 48
618 25 618 33
619 9 619 25
620 1 620 85
621 8 621 19
623 3 623 26
624 1 624 51
