1 0 3 3
4 0 4 10
5 0 5 16
6 0 6 16
7 0 7 13
8 0 8 18
9 0 9 33
11 0 11 31
12 0 12 30
13 0 13 34
14 0 14 39
15 0 17 37
17 1 17 37
19 1 28 4
29 1 29 12
30 1 30 20
33 9 33 69
36 8 36 28
39 8 39 48
42 8 46 2
49 8 53 2
52 16 52 29
52 33 52 39
55 1 55 15
57 1 57 10
58 1 58 13
59 1 59 29
60 1 60 20
63 9 68 36
71 9 76 38
79 9 79 45
82 1 84 4
87 17 87 24
88 14 88 18
89 19 89 28
90 16 90 18
93 9 93 51
96 6 96 58
97 5 97 22
98 10 98 24
100 6 100 57
101 19 101 20
102 9 102 10
105 2 107 5
108 9 108 76
111 2 113 5
115 10 115 71
116 9 116 17
121 2 123 5
125 10 125 55
126 9 126 13
128 10 128 16
131 2 133 5
134 9 134 51
137 2 139 5
140 9 140 53
143 2 145 5
146 9 146 47
149 1 151 4
155 5 155 22
157 9 157 37
158 7 158 23
160 9 160 27
163 9 163 32
165 9 165 12
169 2 171 5
172 9 172 21
175 15 175 20
176 18 176 31
177 20 177 22
181 17 181 19
182 17 182 19
185 16 185 37
188 2 190 5
193 7 193 32
194 9 194 20
195 10 195 12
197 9 197 51
200 2 203 5
204 6 204 31
205 16 205 54
206 15 206 60
207 4 207 24
211 12 211 40
212 22 216 3
219 17 219 66
220 9 220 17
221 17 221 19
224 17 224 66
225 9 225 17
226 17 226 19
228 9 228 33
232 8 232 36
234 23 236 4
237 9 237 13
239 10 239 12
241 10 241 46
242 9 242 81
245 2 247 5
250 17 250 42
253 14 253 34
255 6 255 30
256 29 256 50
258 7 258 20
259 13 259 17
261 7 261 22
262 15 262 22
264 16 264 33
266 7 266 21
267 14 267 18
269 14 269 21
270 13 270 17
271 12 271 16
273 6 273 53
274 4 274 12
278 12 278 35
279 4 279 91
282 5 282 10
283 9 283 21
284 3 284 64
286 15 286 26
287 34 287 51
288 2 288 30
290 2 290 35
291 47 291 80
292 22 292 60
294 9 294 11
297 5 297 31
298 9 298 21
299 7 299 69
299 50 299 61
299 65 299 67
301 7 301 12
303 9 305 25
308 8 308 10
309 11 309 22
310 3 310 53
313 3 313 75
314 9 314 20
315 3 315 7
318 5 318 17
319 10 319 41
321 10 321 45
324 6 324 37
326 5 326 33
327 12 327 30
329 12 329 21
331 5 331 27
332 10 332 15
333 6 333 11
334 11 334 57
336 11 336 16
337 7 337 22
338 13 338 34
340 21 340 82
342 9 342 24
345 11 345 78
346 5 346 22
348 3 348 31
350 34 350 40
351 8 351 10
352 11 352 22
353 11 353 32
354 3 354 29
356 9 356 29
359 9 362 3
363 25 363 100
366 7 366 33
368 10 368 41
370 9 370 67
378 6 378 26
381 16 381 26
382 5 382 25
386 14 386 32
387 7 387 48
388 3 388 25
391 2 393 5
394 2 394 35
395 2 395 22
396 2 396 27
397 9 397 13
400 2 402 5
403 19 403 54
404 2 404 25
405 2 405 76
406 9 406 13
409 2 411 5
413 26 413 53
414 9 414 20
415 3 415 28
417 24 417 52
418 6 418 17
419 17 419 19
420 13 420 17
421 11 421 16
424 2 426 5
427 6 427 29
428 5 428 15
429 3 429 28
430 9 430 49
433 2 435 5
437 14 437 37
438 9 438 18
439 3 439 39
441 9 441 63
445 9 445 11
448 2 450 5
451 5 451 19
452 10 452 42
454 10 454 46
458 5 458 32
459 26 459 51
461 9 461 29
467 2 469 5
471 8 471 37
472 6 472 27
476 12 476 22
477 5 477 21
481 17 481 31
482 7 482 47
483 12 483 13
484 4 484 36
486 9 486 12
488 3 488 26
489 5 492 2
493 7 493 72
495 7 495 19
496 9 499 2
500 9 503 2
504 8 504 59
505 1 505 18
506 10 506 18
507 15 507 53
508 3 508 46
509 16 509 53
510 10 510 44
511 3 511 14
512 3 512 14
