15 1 20 2
29 1 104 2
38 6 38 61
39 3 39 15
39 10 39 10
41 2 104 2
41 13 41 30
43 6 43 18
43 14 43 14
44 3 44 15
44 10 44 10
49 2 104 2
49 14 49 26
49 28 49 31
50 2 68 3
53 7 53 16
53 12 53 12
54 3 57 4
56 4 56 13
59 7 59 23
60 3 67 4
66 11 66 11
73 2 103 16
75 2 98 3
79 15 79 27
79 29 79 32
80 3 97 4
81 8 81 32
82 4 96 5
85 25 85 25
86 5 86 15
87 24 87 24
99 8 99 19
103 2 103 16
111 1 120 2
113 18 113 18
115 32 115 32
116 2 116 12
117 2 117 11
119 9 119 20
119 16 119 16
119 23 119 25
119 28 119 29
127 1 139 2
128 14 128 21
130 2 130 11
131 6 131 40
132 2 135 3
133 3 133 12
134 9 134 17
137 2 137 11
143 1 155 2
147 6 147 47
148 3 148 15
148 10 148 10
150 2 155 2
150 6 150 42
151 3 151 15
151 10 151 10
153 2 153 11
153 11 154 17
154 9 154 16
174 1 190 2
186 2 188 13
