1 0 3 3
4 0 4 10
5 0 5 15
6 0 6 16
7 0 7 18
8 0 8 16
9 0 9 15
11 0 11 20
14 16 22 2
24 22 28 1
30 17 37 1
42 5 42 48
43 1 43 12
44 8 44 9
47 1 49 4
51 10 51 81
52 12 52 16
54 5 54 30
55 3 58 4
59 7 59 35
60 3 60 10
63 1 65 4
67 5 67 25
68 7 68 16
69 10 69 18
70 7 70 8
71 6 71 11
72 2 72 23
73 2 73 9
76 1 78 4
79 32 79 39
80 40 80 47
83 1 85 4
87 6 87 72
88 6 88 80
90 10 90 24
91 27 91 29
92 35 92 37
95 1 97 4
99 10 99 24
100 13 100 39
101 12 101 42
103 5 103 26
104 15 104 23
105 5 105 25
106 19 106 27
109 1 112 4
113 4 113 23
116 4 116 40
119 4 119 48
122 4 122 39
126 1 126 56
127 1 127 22
137 1 143 4
145 13 145 33
146 9 146 38
147 13 147 22
148 7 148 36
150 5 150 39
152 3 152 11
153 7 153 18
156 35 159 5
160 10 160 20
161 4 161 12
163 2 163 52
165 13 165 31
166 1 166 17
167 4 167 13
168 2 168 29
171 6 171 43
172 6 172 43
173 25 173 38
174 15 174 29
175 3 175 36
176 3 176 48
179 1 181 4
183 13 183 15
184 10 184 28
185 6 185 15
186 5 186 30
187 24 187 25
188 5 188 22
190 31 190 32
191 43 191 44
193 8 193 17
197 13 197 35
199 10 199 19
200 5 200 33
201 6 201 27
202 7 202 45
205 5 205 13
207 10 207 32
208 7 208 65
210 5 210 13
211 3 211 8
215 8 215 13
218 1 224 4
226 5 226 28
227 12 227 18
230 1 230 8
231 4 231 10
232 9 232 38
234 19 234 43
235 4 235 22
237 2 237 20
238 10 238 45
239 10 239 19
240 9 240 41
242 9 242 35
245 1 247 4
250 13 250 30
251 5 251 18
252 6 252 24
254 8 254 26
256 7 256 23
257 12 257 16
258 4 258 12
260 5 260 22
261 6 261 66
261 7 261 19
261 24 261 48
262 11 262 15
264 8 264 23
267 13 267 25
268 5 268 26
269 10 269 14
272 13 272 25
273 5 273 23
274 10 274 14
277 13 277 25
278 5 278 49
279 10 279 14
282 20 282 61
283 1 283 24
286 19 286 64
288 7 288 23
289 1 289 24
292 8 292 42
295 1 298 4
300 5 300 29
301 15 301 16
302 1 302 24
303 8 303 28
306 1 309 4
311 5 311 31
312 15 312 16
313 1 313 24
314 8 314 28
317 19 317 45
318 1 318 24
320 8 320 13
322 13 322 25
323 5 323 22
324 10 324 11
325 7 325 31
326 3 326 7
328 3 328 8
329 1 329 17
331 8 331 42
333 10 346 1
349 1 351 4
354 16 354 21
356 7 356 41
357 3 357 19
358 9 358 31
360 3 360 7
363 1 365 4
367 9 367 45
368 1 368 31
370 8 370 13
373 16 373 30
376 1 381 4
383 4 383 29
385 9 385 27
388 4 388 26
389 5 389 26
390 10 390 66
392 10 392 30
397 4 397 63
399 6 399 19
400 2 400 28
401 6 401 37
402 10 402 28
403 11 403 58
404 3 404 31
406 21 406 59
407 2 407 35
407 23 407 26
407 30 407 35
411 11 411 33
412 4 412 20
413 9 413 15
415 15 415 22
416 1 416 47
418 11 418 32
419 4 419 35
423 17 423 61
424 2 424 37
424 9 424 21
424 25 424 37
429 1 429 18
430 6 430 78
432 8 432 15
432 8 432 36
432 19 432 24
432 30 432 33
435 1 438 4
439 18 439 23
440 9 440 21
441 5 441 29
443 3 443 11
445 21 445 33
446 5 446 25
451 15 451 17
452 31 452 38
453 20 453 32
454 23 454 32
455 21 455 22
456 4 456 35
457 14 457 39
457 19 457 37
459 3 459 8
461 3 461 31
462 17 462 30
463 18 463 30
465 2 465 17
469 8 469 26
471 6 471 8
472 3 472 32
473 27 473 58
474 5 474 39
476 13 476 24
478 5 478 28
479 3 479 49
481 10 481 64
482 1 482 39
484 44 484 51
485 1 499 4
500 4 500 12
501 9 501 16
502 8 502 52
505 1 508 4
509 9 509 32
510 1 510 33
512 15 512 55
513 12 513 38
514 10 514 33
515 10 522 2
524 8 524 66
526 3 526 26
527 1 527 11
528 8 528 20
529 6 529 15
530 30 530 50
532 10 532 12
533 11 533 19
534 6 534 11
535 5 535 31
536 3 536 11
537 9 537 18
538 9 538 47
539 5 539 29
540 11 540 30
541 10 541 43
542 2 542 80
543 5 543 22
544 3 544 27
545 3 545 16
547 1 547 25
548 1 548 14
