1 0 3 3
4 0 4 10
5 0 5 11
7 0 7 36
8 0 8 30
9 0 9 32
10 0 10 34
11 0 11 39
13 11 13 59
16 6 16 17
17 6 17 25
19 15 19 40
20 11 20 13
21 5 21 18
22 3 22 11
23 5 23 58
24 3 24 11
26 14 26 22
27 6 27 51
29 8 29 66
30 5 30 68
31 3 31 21
33 3 33 89
34 3 34 22
35 2 35 7
42 1 44 4
45 1 45 39
47 17 47 37
48 16 48 54
49 11 49 50
50 1 50 17
52 6 52 28
53 16 53 49
54 14 54 56
55 7 55 28
56 3 58 4
59 7 59 77
60 11 60 72
62 13 62 15
63 11 65 1
67 36 67 48
68 10 70 2
72 5 72 55
73 11 73 39
76 16 79 2
78 2 78 25
78 29 78 37
82 6 82 19
83 12 83 47
84 1 84 10
85 1 85 15
87 1 87 28
88 8 88 19
