1 0 5 3
6 0 6 39
7 0 7 30
9 10 22 1
25 1 27 4
29 4 29 33
31 6 31 28
33 2 33 12
34 6 34 62
35 2 35 6
39 1 39 12
40 1 40 11
44 6 44 8
45 6 45 8
47 7 47 23
48 1 48 76
49 1 49 79
51 1 51 48
52 1 52 51
54 8 54 14
57 6 57 32
58 6 58 8
60 2 60 53
61 8 61 25
62 2 62 6
64 1 64 22
65 11 65 25
67 6 67 35
67 16 67 30
67 34 67 35
68 1 68 91
68 43 68 59
68 64 68 73
72 1 74 4
76 6 76 22
78 4 78 55
80 2 80 66
82 10 82 28
83 4 83 13
85 2 85 23
87 4 87 45
89 5 89 34
90 3 90 21
91 3 91 41
93 3 93 46
95 4 95 13
96 2 96 62
98 8 98 10
