1 0 6 3
7 0 7 9
8 0 8 10
10 0 10 32
11 0 11 30
12 0 12 32
14 0 14 22
17 4 17 16
18 2 18 56
19 2 19 21
21 1 21 13
24 4 24 10
25 18 25 24
26 19 26 22
27 19 27 26
30 2 30 13
32 2 32 12
33 2 33 7
36 4 36 21
37 2 37 56
38 2 38 21
40 1 40 20
43 16 43 22
45 1 45 11
46 18 46 21
47 18 47 24
48 1 48 27
50 1 50 12
53 1 53 21
55 1 55 22
58 1 58 21
60 1 60 22
63 1 63 11
64 1 64 53
65 1 65 23
68 1 68 11
69 19 72 2
74 1 74 23
77 1 77 11
78 8 78 17
80 11 80 27
81 1 81 31
83 11 83 66
84 7 84 25
85 9 85 60
87 10 91 44
93 4 93 8
95 2 95 55
97 12 97 16
99 1 99 25
100 1 100 21
103 1 103 11
104 1 104 14
107 1 107 11
108 1 108 27
110 19 114 1
116 14 129 1
131 23 146 1
149 12 153 2
155 1 155 34
157 8 157 52
159 9 161 26
163 7 163 31
164 10 164 75
166 16 166 33
168 16 171 3
169 11 169 14
169 18 169 35
169 36 169 38
173 4 173 30
174 20 174 56
175 12 175 42
176 7 176 84
177 17 177 70
179 14 179 75
180 13 183 3
181 20 181 62
181 66 181 68
181 74 181 76
184 17 184 38
184 17 184 50
184 42 184 50
186 17 186 63
187 17 187 90
189 8 194 3
196 36 196 48
197 1 197 35
198 8 198 44
200 4 200 17
202 9 202 30
203 9 203 18
206 9 206 24
207 9 207 22
209 4 209 17
211 2 211 30
212 2 212 24
213 2 213 22
215 24 215 32
216 5 216 9
217 22 217 26
219 13 219 21
220 12 220 16
222 11 222 42
223 7 223 50
224 7 224 27
225 2 225 17
226 2 226 21
228 3 228 26
229 1 229 51
