1 0 15 3
18 1 20 4
22 4 22 18
24 9 24 16
25 6 25 19
26 9 26 22
28 9 28 22
30 62 30 65
31 1 34 4
36 4 36 38
38 5 38 21
40 10 40 33
42 10 42 18
44 4 44 45
46 9 46 32
47 6 47 24
48 9 48 28
51 2 51 27
53 8 53 16
55 62 55 65
55 71 55 74
56 1 59 4
60 1 60 38
62 4 62 18
64 9 64 17
66 9 66 26
67 9 67 32
69 4 69 21
70 14 70 22
72 5 72 46
74 10 74 15
76 5 76 24
80 3 80 7
83 3 83 30
84 14 84 20
86 8 86 28
89 1 91 4
93 4 93 18
95 9 95 30
96 6 96 19
97 9 97 23
99 9 99 39
101 55 101 58
101 64 101 67
102 1 109 4
114 9 114 58
115 10 115 34
119 8 119 35
121 8 121 60
123 56 123 59
123 65 123 68
124 1 131 4
134 9 134 36
135 10 135 26
137 8 137 70
140 1 144 4
146 8 158 2
161 1 165 4
167 8 179 2
182 1 186 4
188 8 200 2
203 1 207 4
209 5 209 17
210 8 222 2
225 1 229 4
231 5 231 17
232 8 244 2
247 1 251 4
253 8 265 2
