1 0 3 3
4 0 4 10
5 0 5 9
6 0 6 17
7 0 7 36
8 0 8 27
10 0 10 31
11 0 11 32
12 0 12 30
13 0 13 33
14 0 14 36
16 0 16 46
17 0 17 39
19 0 19 24
20 0 20 28
21 0 21 21
23 13 25 1
27 11 36 1
39 7 39 24
40 10 40 26
42 15 42 41
43 9 43 19
44 3 44 11
45 2 45 37
48 31 48 49
49 25 49 37
50 24 50 35
51 29 51 39
52 1 52 21
55 8 55 33
56 1 56 21
57 1 57 79
60 10 60 43
61 10 68 2
70 7 70 53
71 13 71 43
72 8 72 25
74 36 74 48
75 21 75 62
77 4 77 44
78 8 78 54
80 8 80 24
82 10 82 37
83 9 83 21
84 18 84 19
87 21 87 77
89 4 89 18
90 2 90 44
91 9 91 22
95 2 95 57
96 8 96 34
97 2 97 6
99 2 99 14
102 11 102 24
103 1 103 21
104 1 104 15
105 1 105 20
107 12 107 24
108 9 108 34
109 25 109 45
110 10 110 41
111 8 111 45
112 5 112 29
113 3 113 8
118 4 118 64
120 2 120 73
121 2 121 14
123 10 123 23
124 1 124 26
125 1 125 14
126 1 126 19
127 10 127 31
128 11 128 19
129 11 129 14
130 11 130 25
131 11 131 83
133 37 133 74
134 15 134 70
135 1 135 29
137 1 137 80
139 1 139 61
140 8 140 21
