1 0 3 3
4 0 4 10
5 0 5 13
6 0 6 16
7 0 7 18
9 0 9 30
10 0 10 31
11 0 11 34
13 0 13 77
14 0 14 52
15 0 15 35
16 0 16 35
18 20 23 1
25 77 25 80
26 1 28 4
29 4 29 35
35 11 35 24
37 11 37 16
39 8 39 48
41 22 41 25
42 8 42 24
44 16 67 1
70 1 72 4
73 4 73 16
75 9 75 21
77 5 77 40
80 6 80 22
81 8 81 10
87 8 87 24
89 13 89 28
90 1 92 4
95 17 95 24
96 16 96 22
97 15 97 20
98 15 98 20
99 16 99 22
100 18 100 26
103 17 103 22
104 14 104 20
107 9 107 51
110 2 112 5
114 13 114 21
114 13 114 48
114 25 114 48
115 14 115 29
116 12 116 35
118 6 118 56
119 12 123 3
125 14 125 56
126 3 126 35
128 2 128 65
129 2 129 37
130 2 130 67
132 2 132 59
136 11 136 19
137 6 137 24
139 4 139 12
141 6 141 36
142 12 142 39
143 8 143 42
144 7 144 20
145 13 145 40
147 13 147 23
149 12 149 21
151 21 151 26
152 3 154 29
154 2 154 29
156 10 156 31
157 5 157 15
159 3 159 57
162 2 162 35
163 17 163 64
164 2 164 38
166 2 166 27
167 2 169 41
169 2 169 41
171 2 171 39
172 2 172 46
174 10 174 23
175 11 175 25
176 12 176 27
178 14 178 19
179 3 179 45
181 3 181 28
182 27 182 40
183 11 183 32
184 7 184 16
186 16 186 23
187 6 187 57
190 8 190 20
191 6 191 51
193 15 193 74
194 12 194 22
195 21 195 42
196 9 196 13
197 7 197 60
199 7 199 54
200 3 202 44
202 2 202 44
204 2 204 39
205 2 205 46
207 10 207 23
208 10 208 23
209 11 209 25
210 12 210 27
212 19 212 36
213 3 213 44
214 3 214 45
216 27 216 40
217 11 217 32
218 13 218 17
219 5 219 54
221 3 223 21
223 2 223 21
225 2 225 47
226 2 229 32
228 2 228 33
229 2 229 32
231 2 231 47
232 2 232 50
235 2 237 5
238 20 238 39
239 26 239 30
240 26 240 27
241 3 243 20
243 2 243 20
245 5 245 38
246 3 246 20
248 10 248 37
250 5 250 31
251 15 251 20
252 4 252 36
254 15 254 20
255 4 255 46
258 2 258 45
260 5 260 32
261 9 261 11
263 9 263 16
265 11 265 16
266 3 266 34
267 3 267 47
269 2 271 17
271 2 271 17
273 9 273 56
275 2 275 22
277 9 277 56
279 2 279 28
281 11 281 48
282 2 282 53
285 11 285 18
286 7 286 13
288 6 288 34
289 4 289 54
291 4 293 36
293 2 293 36
295 2 297 5
298 12 298 29
299 12 299 27
301 5 301 17
303 11 303 57
304 3 304 41
305 7 305 19
307 3 307 34
308 3 308 51
309 3 309 28
312 10 312 57
313 14 313 21
314 16 314 37
315 7 315 11
317 5 317 53
318 5 318 53
321 5 321 47
322 5 322 53
323 4 325 39
325 2 325 39
327 2 329 5
330 12 330 29
331 12 331 53
332 13 332 62
333 2 335 23
335 2 335 23
337 2 337 49
339 14 339 19
340 3 340 27
342 8 342 30
343 10 343 17
344 3 344 62
345 3 345 48
347 2 349 24
349 2 349 24
351 5 351 17
354 8 354 20
355 5 355 35
359 2 359 27
360 2 360 49
361 2 361 32
362 2 362 56
363 2 363 49
364 2 366 23
366 2 366 23
368 5 368 32
370 3 370 28
371 2 371 53
373 58 373 68
374 19 374 36
375 26 375 41
378 6 378 45
379 4 379 12
381 3 383 34
383 2 383 34
385 9 385 51
387 2 387 36
391 5 391 45
392 16 392 35
393 10 393 63
395 9 395 51
397 2 397 36
399 23 399 37
400 22 400 54
400 32 400 37
400 41 400 53
401 9 401 70
403 2 403 28
405 9 405 51
407 2 407 32
409 5 409 9
410 10 410 38
412 10 412 13
414 2 414 30
416 10 416 20
418 5 418 15
419 10 419 51
420 7 420 17
421 10 421 52
423 10 423 52
425 2 425 37
427 9 427 17
427 9 427 41
427 21 427 26
427 32 427 41
428 5 428 28
429 10 429 47
431 11 431 41
432 10 432 52
435 1 437 4
439 17 439 18
440 4 440 37
441 8 441 16
444 2 444 21
447 4 447 11
448 12 448 85
450 8 450 20
453 5 453 21
454 10 454 11
455 6 455 42
456 2 456 9
460 14 460 32
461 5 461 27
462 3 462 23
463 3 463 8
467 8 473 2
476 1 479 4
480 4 480 26
481 13 481 22
482 12 482 25
483 6 483 31
484 13 484 25
485 12 485 28
487 13 487 15
489 10 489 12
491 9 491 11
492 9 492 11
494 12 494 41
496 12 496 14
498 4 498 24
499 11 499 28
500 12 500 46
503 12 503 14
505 31 505 38
506 2 506 24
507 2 507 19
508 2 508 36
509 24 509 31
510 22 510 28
512 4 512 14
513 10 513 57
515 4 515 23
516 37 516 42
518 4 518 29
519 9 519 17
521 10 521 28
522 16 522 22
523 5 523 37
524 3 524 11
527 11 527 21
529 13 529 15
530 16 530 20
532 13 532 32
533 11 533 22
535 6 535 29
536 14 536 70
537 4 537 20
539 21 539 28
540 12 544 4
548 13 548 34
549 2 549 7
554 4 554 20
555 7 555 14
556 16 556 21
557 16 557 21
558 18 558 26
559 17 559 23
561 8 561 16
564 7 564 27
565 7 565 29
566 7 566 38
567 7 567 69
568 8 568 38
