1 0 6 3
7 0 7 9
8 0 8 10
9 0 9 17
10 0 10 46
12 0 12 31
13 0 13 36
14 0 14 30
15 0 15 32
16 0 16 31
18 0 18 34
19 0 19 39
21 0 21 24
23 13 35 1
37 11 45 1
48 9 48 17
49 8 49 28
51 6 51 40
52 8 52 29
55 10 69 2
71 7 71 53
72 13 72 43
74 8 74 25
77 5 77 45
78 1 78 31
79 8 79 9
82 7 82 23
83 16 83 57
84 23 84 46
85 9 85 18
86 21 86 25
88 6 88 37
89 4 89 27
90 8 90 27
92 8 92 27
95 4 95 38
96 3 96 26
99 24 99 40
100 5 100 30
101 3 101 18
102 3 102 27
103 10 103 66
104 7 104 50
106 1 106 46
109 4 109 27
110 5 110 41
111 4 111 28
112 3 112 35
114 1 114 19
117 5 117 23
118 3 118 54
119 3 119 48
120 15 120 20
121 4 121 25
124 3 124 34
127 5 127 25
128 3 128 53
129 15 129 20
130 4 130 25
134 2 134 37
136 2 136 40
137 2 137 20
