1 0 1 36
2 0 2 16
4 0 4 31
5 0 5 34
6 0 6 30
7 0 7 29
9 0 9 31
10 0 10 73
11 0 11 62
13 0 13 34
14 0 14 35
16 31 16 42
17 1 21 4
22 4 22 27
24 23 24 47
25 17 25 34
30 5 30 22
31 10 31 19
32 5 32 22
33 18 33 27
36 9 36 18
37 5 37 21
38 18 38 26
40 18 40 35
42 8 42 28
45 1 47 4
49 14 49 16
51 4 51 34
52 7 52 34
53 14 53 27
54 15 54 24
56 4 56 37
58 13 58 43
59 19 59 43
60 15 60 74
62 8 62 18
65 4 65 28
66 9 66 21
68 4 68 36
70 10 70 18
71 9 71 54
73 4 73 25
74 10 74 37
75 5 75 27
76 3 76 17
77 9 77 39
80 1 83 4
84 8 84 18
85 11 85 13
86 13 86 37
86 41 86 43
86 48 86 66
89 28 89 41
90 8 90 34
92 2 92 6
94 5 94 54
95 10 95 31
96 10 99 4
100 16 100 20
101 3 101 20
103 5 103 23
104 9 104 24
106 6 106 25
107 24 107 40
108 6 108 21
109 20 109 32
110 6 110 20
111 19 111 38
112 6 112 21
113 20 113 54
114 6 114 23
116 28 118 7
120 7 120 33
121 20 121 61
126 22 126 27
127 9 127 40
128 7 128 9
129 5 129 36
130 10 130 21
131 33 131 35
132 10 132 47
133 31 133 33
134 8 134 10
135 36 135 50
137 9 137 46
138 7 138 9
139 5 139 35
140 29 140 31
141 32 141 68
142 33 142 70
143 31 143 66
144 31 144 66
146 10 146 20
147 5 147 23
148 9 148 35
149 3 149 22
150 3 150 29
152 8 152 15
157 30 157 32
158 1 158 31
160 4 160 29
161 8 161 30
163 33 163 35
165 4 165 26
166 24 166 51
168 24 168 37
170 8 170 15
172 1 172 13
174 1 176 4
177 1 177 13
178 1 178 19
179 1 179 13
180 1 182 13
182 1 182 13
184 1 186 4
187 1 187 13
188 1 188 19
189 1 189 18
192 1 194 4
196 8 228 2
217 5 217 48
218 8 218 23
218 29 218 32
230 13 230 28
231 1 247 4
248 1 248 22
249 1 249 19
250 1 250 15
251 1 251 14
252 1 252 12
253 1 256 23
256 2 256 23
257 24 257 27
260 9 263 23
260 17 260 35
260 36 260 59
260 50 260 53
263 2 263 23
266 13 266 22
268 11 268 19
269 7 269 20
270 3 270 42
272 9 272 17
275 16 275 22
276 16 276 22
277 15 277 20
278 17 278 24
279 15 279 20
280 15 280 20
283 17 283 31
284 28 284 41
287 9 287 51
290 9 297 3
296 21 296 44
296 45 296 56
300 2 302 5
304 15 304 46
305 5 305 28
306 3 311 4
312 3 312 28
314 11 314 38
315 5 315 24
316 3 316 33
317 3 322 4
323 3 323 34
326 10 326 39
327 5 327 23
328 3 328 31
329 3 334 4
335 3 337 14
338 42 338 59
338 64 338 79
339 2 341 5
343 7 343 23
344 5 344 15
345 10 345 27
347 7 347 16
348 5 348 15
349 10 349 24
351 7 351 16
352 5 352 15
353 10 353 24
356 6 356 15
357 5 357 13
358 10 358 27
360 9 362 14
363 49 363 66
363 71 363 86
364 2 366 5
368 5 368 30
369 7 369 20
371 7 371 15
373 5 373 14
374 10 374 39
377 11 377 16
379 6 379 15
380 11 380 21
386 2 388 5
390 11 390 36
391 14 391 42
392 5 392 24
393 3 398 4
399 3 399 33
400 6 400 15
401 8 401 24
402 7 402 13
403 12 403 25
404 5 404 31
405 5 410 6
411 5 411 32
413 15 413 44
414 5 414 28
415 3 415 28
416 3 421 4
422 3 422 38
424 5 424 27
425 3 425 31
426 3 431 4
433 13 433 40
434 13 434 40
434 13 434 52
434 44 434 52
435 5 435 26
436 3 455 4
458 9 465 3
468 2 470 5
472 13 472 21
472 13 472 48
472 25 472 48
473 14 473 29
475 9 475 21
476 10 476 56
477 10 477 44
478 9 496 3
499 2 501 5
502 2 506 3
509 20 509 86
510 2 510 38
511 2 511 59
512 2 514 21
514 2 514 21
516 8 516 35
517 9 517 33
518 5 518 18
520 15 520 60
521 11 521 45
522 10 522 28
523 8 523 54
524 10 524 32
528 5 528 24
529 8 529 34
530 8 530 33
532 6 532 58
532 40 532 42
532 46 532 51
535 13 535 58
536 9 536 13
537 12 537 83
539 14 539 57
539 14 539 88
539 61 539 83
540 9 540 21
543 5 543 21
544 12 544 57
547 12 547 59
549 23 549 42
549 23 549 48
549 46 549 48
550 17 550 57
551 5 551 17
552 20 555 4
557 20 557 22
559 10 587 3
562 4 569 6
569 10 569 40
569 41 569 44
578 17 578 20
578 24 578 46
578 47 578 49
589 2 601 3
593 4 593 48
593 52 593 72
593 73 593 76
604 2 606 5
607 2 617 3
620 2 622 5
623 17 623 25
624 26 624 30
625 3 627 23
627 2 627 23
629 2 631 20
631 2 631 20
633 10 633 44
634 5 634 23
635 12 635 52
637 12 637 17
639 2 647 23
642 14 642 26
647 2 647 23
649 2 651 3
654 9 654 42
656 2 656 17
658 2 667 22
667 2 667 22
669 2 676 3
679 5 679 9
680 10 684 4
686 10 689 4
692 19 692 22
693 6 693 77
694 7 694 24
696 5 696 38
698 8 698 24
699 6 699 20
701 6 701 16
703 4 703 14
706 9 706 15
707 20 707 22
708 9 708 13
709 7 709 15
710 8 710 43
712 18 712 23
713 21 713 55
713 22 713 39
713 43 713 45
717 5 717 20
718 6 718 29
720 18 720 26
723 10 723 35
724 9 724 18
725 10 725 12
728 10 728 12
729 9 729 11
733 5 733 9
734 10 734 20
736 3 736 16
737 3 737 39
739 11 739 30
739 11 739 38
741 11 741 38
741 11 741 46
742 6 742 11
743 7 743 36
746 17 746 22
748 12 753 5
755 10 755 34
755 10 755 42
756 6 756 10
757 11 757 14
758 11 761 5
764 18 764 20
766 5 766 18
768 10 768 15
769 30 769 50
771 6 771 61
772 13 772 20
774 14 774 51
775 7 775 14
776 21 778 6
780 21 780 23
784 10 784 24
785 8 785 46
788 5 788 9
792 10 792 12
794 9 826 3
828 2 828 23
830 6 830 19
831 5 831 19
832 7 832 30
834 5 834 19
835 17 835 21
836 22 836 30
838 13 838 24
841 2 848 3
851 7 851 19
852 7 852 22
854 9 854 53
855 8 855 73
857 6 857 42
858 9 858 54
860 9 865 3
867 2 867 24
869 5 869 17
872 8 872 20
873 5 873 35
876 5 876 22
877 3 883 4
886 13 886 32
888 2 892 3
895 9 903 3
905 2 905 34
907 2 913 36
913 2 913 36
917 2 923 36
918 4 918 9
918 4 918 22
918 14 918 22
923 2 923 36
925 23 925 37
927 5 927 43
928 23 928 64
930 23 930 55
930 33 930 38
930 42 930 54
932 17 932 34
934 15 934 25
936 5 936 10
939 16 939 24
942 6 942 16
943 23 943 31
944 19 947 5
949 5 949 35
950 11 950 21
951 6 951 41
953 7 953 52
954 12 954 35
957 7 957 37
959 11 959 21
962 6 962 51
963 11 963 34
969 2 976 28
973 11 973 24
973 28 973 48
973 49 973 51
976 2 976 28
978 2 984 32
984 2 984 32
986 2 992 30
992 2 992 30
994 10 994 20
996 5 996 15
997 8 997 21
998 7 998 17
999 8 999 23
1001 8 1001 29
1003 2 1007 3
1010 21 1026 2
1028 2 1028 37
1030 5 1030 50
1031 8 1031 40
1032 9 1032 18
1033 3 1036 4
1038 3 1042 4
1045 2 1045 67
1048 12 1048 16
1049 15 1049 17
1050 26 1050 41
1053 6 1053 45
1054 4 1054 12
1056 3 1058 22
1058 1 1058 22
1060 1 1062 4
1063 8 1063 34
1064 8 1064 63
1067 1 1069 4
1072 10 1072 34
1075 7 1075 31
1077 2 1077 18
1078 2 1078 23
1079 7 1079 33
1081 8 1081 28
1084 4 1084 18
1085 10 1085 14
1087 8 1091 2
1090 12 1090 17
1090 21 1090 27
1094 8 1122 2
1125 5 1128 2
1126 60 1126 65
1126 69 1126 71
1129 8 1129 72
1132 5 1135 2
1136 8 1136 71
1140 5 1143 2
1144 8 1144 71
1147 8 1160 2
1149 3 1149 40
1149 44 1149 66
1149 67 1149 70
1151 3 1154 4
1154 8 1154 15
1154 21 1154 24
1163 8 1178 2
1181 1 1184 4
1185 6 1185 46
1186 9 1186 84
1187 8 1187 51
1190 1 1192 4
1193 11 1193 44
1195 6 1195 46
1196 7 1196 44
1197 7 1199 2
1201 11 1201 23
1202 10 1202 22
1203 10 1203 49
1204 7 1207 2
1209 8 1209 43
1210 8 1210 58
