1 0 42 3
43 0 43 30
44 0 44 65
45 0 45 48
46 0 46 45
48 0 48 61
51 0 51 10
52 3 52 63
53 8 53 14
54 8 54 14
55 14 55 20
56 0 58 18
58 1 58 18
60 1 62 4
66 24 66 28
67 2 71 5
72 2 75 16
76 23 76 37
77 2 79 5
80 2 83 16
84 25 84 33
85 2 88 5
89 2 91 16
93 2 95 5
96 2 98 16
100 2 102 5
103 2 105 16
106 44 106 48
107 2 111 5
112 2 114 16
115 25 115 39
116 2 121 5
122 2 124 16
125 37 125 51
126 2 128 5
129 2 131 16
132 37 132 51
133 2 135 5
136 2 138 16
139 34 139 48
140 2 142 5
143 2 145 16
146 46 146 50
147 2 154 5
155 2 157 16
158 49 158 53
159 2 165 5
166 2 168 16
169 39 169 43
170 2 176 5
177 2 179 16
180 42 180 46
181 2 187 5
188 2 190 16
191 43 191 47
192 2 198 5
199 2 201 16
202 27 202 31
203 2 210 5
211 2 211 27
214 1 216 4
220 19 220 22
221 2 226 5
227 2 230 16
231 21 231 27
232 2 235 5
236 2 239 16
240 19 240 22
241 2 246 5
247 2 250 16
251 19 251 22
252 2 269 5
270 2 273 16
274 22 274 31
275 2 280 5
281 2 284 16
285 25 285 29
286 2 288 5
289 2 292 16
293 25 293 29
294 2 296 5
297 2 300 16
302 2 304 5
305 2 308 16
310 2 312 5
313 2 316 16
318 2 320 5
321 2 324 16
326 2 328 5
329 2 329 27
332 1 334 4
338 21 338 37
339 2 341 5
342 2 345 16
346 24 346 39
347 2 350 5
351 2 354 16
355 23 355 26
356 2 358 5
359 2 362 16
363 24 363 33
364 2 368 5
369 2 371 16
372 22 372 26
373 2 375 5
376 2 378 16
379 29 379 32
380 2 387 5
388 2 391 16
392 25 392 53
393 2 397 5
398 2 400 16
401 100 401 126
402 2 409 5
410 2 412 16
414 2 431 5
432 2 434 16
436 2 444 5
445 2 447 16
449 2 452 5
453 2 455 16
457 2 460 5
461 2 463 16
465 2 469 5
470 2 472 16
473 30 473 44
474 2 479 5
480 2 482 16
484 2 491 5
492 2 494 16
496 2 503 5
504 2 506 16
508 2 510 5
511 2 513 16
514 22 514 26
515 2 517 5
518 2 520 16
521 24 521 28
522 2 530 5
531 2 533 16
534 24 534 30
535 2 537 5
538 2 540 16
541 22 541 27
542 2 544 5
545 2 547 16
549 2 551 5
552 2 554 16
555 22 555 25
556 2 570 5
571 2 573 16
574 22 574 25
575 2 579 5
580 2 582 16
583 28 583 32
584 2 588 5
589 2 591 16
592 28 592 32
593 2 597 5
598 2 600 16
601 66 601 80
602 2 611 5
612 2 614 16
616 2 621 5
622 2 624 16
625 26 625 43
626 2 650 5
651 2 653 16
654 52 654 66
655 2 661 5
662 2 664 16
665 39 665 68
666 2 671 5
672 2 674 16
675 40 675 73
676 2 680 5
681 2 681 27
