1 0 3 3
4 0 4 10
5 0 5 14
6 0 6 16
8 0 8 36
10 0 10 30
11 0 11 32
12 0 12 34
13 0 13 51
14 0 14 42
16 0 16 39
17 0 17 33
19 13 26 1
28 11 34 1
37 8 37 47
40 16 40 85
42 4 42 27
44 9 44 24
47 11 47 23
48 6 48 35
49 11 49 12
54 1 57 4
58 7 58 48
59 10 59 24
60 4 60 31
61 9 61 15
62 10 62 35
63 4 63 31
64 9 64 15
67 1 69 4
71 9 71 27
72 16 72 32
74 24 74 55
76 26 76 52
77 8 77 18
79 17 79 29
80 12 80 14
82 11 82 30
83 11 83 31
84 16 84 37
88 13 88 18
89 5 89 31
90 12 90 16
91 12 91 32
92 12 92 29
93 3 93 8
97 8 97 54
100 1 102 4
103 20 103 70
105 8 108 3
111 1 113 4
114 9 114 27
116 1 116 45
118 8 122 2
125 1 127 4
128 12 128 14
129 8 129 37
130 12 130 48
133 5 133 55
134 5 134 30
135 23 135 47
136 8 136 28
137 50 137 77
141 5 141 64
142 5 142 30
143 22 143 46
144 20 144 66
146 12 146 69
148 4 148 19
149 2 149 80
153 9 153 34
155 9 155 88
157 4 157 18
158 10 158 74
159 10 159 39
161 4 161 31
162 13 162 40
164 11 164 80
166 5 166 22
167 14 167 28
170 15 170 48
171 7 171 25
172 16 172 22
173 5 173 10
178 11 181 2
183 13 183 15
184 10 184 23
185 6 187 4
188 26 188 69
189 17 189 64
191 9 199 2
197 13 197 26
197 30 197 38
201 8 201 13
204 1 206 4
207 11 207 32
208 10 208 23
209 13 209 38
210 16 210 48
211 16 211 38
212 13 212 29
213 15 213 27
214 13 214 27
215 12 215 26
216 12 216 24
218 6 218 98
219 8 230 2
232 74 232 111
234 8 234 39
235 1 235 17
236 1 236 16
238 11 238 45
239 1 239 20
241 11 241 45
242 1 242 20
243 1 243 19
245 11 245 45
246 1 246 20
247 15 247 22
249 11 249 45
250 1 250 20
252 4 252 42
257 7 257 65
259 4 259 19
260 15 260 57
261 4 261 20
262 16 262 53
264 6 272 2
274 8 274 73
277 8 291 2
293 7 298 1
300 5 300 39
301 5 301 41
304 13 304 27
305 12 305 31
306 11 306 51
308 9 320 2
322 8 343 2
345 8 345 77
348 1 373 4
376 7 376 44
377 2 377 46
378 7 378 43
379 2 379 45
382 1 388 4
390 1 390 28
391 2 391 44
392 1 392 17
394 7 394 43
395 2 395 48
396 2 396 50
397 2 397 23
400 1 402 4
404 5 404 23
405 1 405 30
408 12 408 35
409 2 409 67
410 2 410 71
411 2 411 66
414 13 414 46
415 2 415 60
418 4 418 20
419 10 419 17
421 11 421 27
423 9 423 19
424 8 424 28
425 1 425 42
426 6 426 40
427 8 427 29
430 10 438 2
439 7 439 53
440 13 440 43
442 8 442 25
444 36 444 48
445 7 445 23
446 21 446 62
448 10 448 36
449 15 449 24
450 4 450 19
452 10 452 41
454 10 454 20
457 1 457 15
458 1 458 20
459 14 459 37
460 10 460 22
461 16 461 58
464 17 464 77
465 7 465 37
468 39 468 77
469 7 469 37
470 7 470 69
473 8 473 38
474 4 474 8
475 2 475 67
476 2 476 58
478 5 478 24
479 10 479 21
481 5 481 24
482 3 482 74
483 10 483 21
485 3 485 79
487 4 487 38
488 2 488 30
490 2 490 28
492 4 492 30
493 9 493 20
495 1 495 21
496 21 496 31
497 11 497 14
498 7 498 12
501 10 501 43
502 4 502 16
503 2 503 18
504 10 504 38
505 4 505 16
506 2 506 18
