1 0 3 3
4 0 4 46
6 0 6 18
7 0 7 16
8 0 8 16
9 0 9 15
11 0 11 19
14 1 17 4
18 4 18 29
19 6 19 8
20 2 20 26
21 2 21 26
23 6 23 18
24 8 24 9
27 1 31 4
35 13 35 19
36 6 36 19
37 12 37 22
38 11 38 30
40 8 40 21
44 13 46 3
47 10 47 29
48 10 48 36
49 10 49 27
50 6 50 9
50 15 50 18
50 27 50 33
51 6 51 22
52 1 64 4
66 8 66 28
67 6 67 15
68 1 68 40
71 10 71 58
74 11 77 2
80 7 80 24
81 7 81 77
83 8 83 52
85 47 85 51
86 1 99 4
100 13 100 58
101 16 101 67
103 13 103 25
104 2 104 38
106 8 106 17
109 1 114 4
115 10 115 46
116 10 116 46
117 8 117 24
120 11 120 38
121 16 124 2
126 37 126 67
127 8 127 20
