1 0 3 3
4 0 4 9
5 0 5 17
6 0 6 46
8 0 8 31
9 0 9 36
10 0 10 30
11 0 11 32
13 0 13 46
14 0 14 39
16 0 16 24
17 0 17 21
18 0 18 21
19 0 19 17
22 22 26 1
28 26 30 1
32 13 52 1
54 11 62 1
74 1 76 4
78 6 78 33
79 11 79 20
80 23 80 51
82 9 82 21
83 6 88 3
91 1 91 29
94 1 96 4
98 1 98 47
99 8 99 26
100 25 100 33
101 27 101 34
102 29 102 51
103 28 103 55
105 12 105 16
106 12 106 44
107 4 107 17
108 13 108 24
110 14 110 59
111 4 111 26
114 2 114 26
115 5 115 51
116 3 116 85
118 13 118 33
119 4 119 29
121 14 121 57
123 5 123 31
125 15 125 41
126 7 126 47
128 16 128 28
131 15 131 26
132 15 132 58
134 19 134 54
137 11 137 24
138 1 138 21
139 1 139 15
140 1 140 20
142 7 162 2
164 1 164 65
167 10 189 2
191 7 191 53
192 13 192 43
193 4 193 21
194 2 194 35
195 24 195 41
197 8 197 25
199 70 199 82
200 7 200 23
202 4 202 25
203 8 203 40
204 8 204 42
206 8 206 18
207 8 207 42
209 21 209 50
210 31 210 35
211 4 211 25
212 23 212 31
214 4 214 31
215 8 215 39
217 8 217 11
218 7 218 11
221 14 221 78
223 4 223 42
224 11 224 40
226 11 226 23
228 6 228 28
229 2 229 79
230 8 230 19
