1 0 3 3
4 0 4 18
6 0 6 10
7 0 7 9
8 0 8 16
9 0 9 17
11 0 11 36
12 0 12 30
13 0 13 32
14 0 14 39
15 0 15 35
17 0 17 46
18 0 18 21
20 13 30 1
32 11 41 1
44 31 44 44
45 10 45 13
46 2 46 12
49 8 49 10
51 11 51 19
53 10 53 82
56 12 56 22
57 10 57 36
58 9 58 35
60 2 60 74
62 8 62 12
65 1 67 4
69 4 69 33
70 2 70 49
72 2 72 21
74 7 74 20
75 1 75 17
76 1 76 11
77 1 77 16
79 11 79 36
80 11 80 23
82 5 82 34
83 10 83 17
84 2 84 19
85 11 85 17
86 1 86 100
88 13 88 22
89 13 89 19
90 2 90 41
91 62 91 63
92 9 92 88
93 3 93 17
95 9 97 1
100 1 102 4
104 4 104 33
106 6 106 28
108 2 108 12
109 6 109 62
110 2 110 6
114 1 114 12
115 1 115 11
119 1 121 4
123 6 123 8
124 6 124 8
126 7 126 23
127 1 127 76
128 1 128 79
130 1 130 48
131 1 131 51
133 8 133 14
136 1 138 4
140 6 140 32
141 6 141 8
143 2 143 53
144 8 144 25
146 2 146 6
148 1 148 22
149 11 149 25
151 6 151 35
151 16 151 30
151 34 151 35
152 1 152 91
152 43 152 59
152 64 152 73
156 1 158 4
161 6 161 22
163 4 163 55
165 2 165 66
167 10 167 28
168 4 168 13
170 2 170 23
172 4 172 45
174 5 174 34
175 3 175 21
176 3 176 41
178 3 178 46
180 4 180 51
181 11 181 64
183 11 183 24
185 4 185 53
186 5 186 32
189 3 189 36
190 3 190 29
191 3 191 44
193 5 193 41
196 4 196 43
197 3 197 47
199 4 199 13
200 2 200 56
202 1 202 13
204 4 204 43
205 2 205 86
207 8 207 10
210 1 212 4
214 10 227 2
229 7 229 53
230 13 230 43
232 8 232 25
234 36 234 48
235 7 235 23
237 21 237 62
239 4 239 31
240 8 240 39
242 8 242 11
243 7 243 11
246 18 246 82
248 6 248 28
249 2 249 69
250 8 250 19
