31 22 31 36
32 26 32 65
32 45 32 65
33 25 39 12
33 28 39 2
34 6 34 18
34 18 34 22
34 24 38 3
36 5 36 17
39 9 39 10
40 27 40 56
40 27 40 57
55 1 60 2
58 17 58 17
58 29 58 29
64 1 69 2
67 17 67 17
67 29 67 29
73 1 97 2
74 17 74 17
76 3 77 21
76 8 76 8
78 3 78 8
79 3 80 19
79 8 79 8
81 3 81 8
83 3 93 8
83 8 83 8
84 3 93 8
84 8 84 8
85 3 93 8
85 8 85 8
86 3 93 8
86 8 86 8
87 3 88 19
87 8 87 8
89 3 89 8
91 3 92 19
93 3 93 8
96 2 96 20
101 1 131 2
102 2 102 18
108 2 131 2
109 2 109 18
111 6 111 11
112 2 127 3
113 11 113 11
115 4 125 9
115 9 115 9
116 4 125 9
116 9 116 9
116 9 116 14
117 4 125 9
117 9 117 9
118 5 118 5
118 5 118 18
119 4 124 14
123 5 123 5
123 5 123 19
125 4 125 9
129 2 130 11
135 1 164 2
136 2 136 18
140 2 164 2
141 2 141 18
143 6 143 11
144 2 161 3
145 11 145 11
150 4 159 9
150 9 150 9
150 9 150 14
151 4 159 9
151 9 151 9
152 5 152 5
152 5 152 18
153 4 158 14
157 5 157 5
157 5 157 19
159 4 159 9
163 2 163 11
168 1 197 2
169 2 169 18
173 2 197 2
174 2 174 18
176 6 176 11
177 2 194 3
178 11 178 11
183 4 192 9
183 9 183 9
183 9 183 14
184 4 192 9
184 9 184 9
185 5 185 5
185 5 185 18
186 4 191 14
190 5 190 5
190 5 190 19
192 4 192 9
196 2 196 11
201 1 231 2
202 2 202 18
206 2 231 2
207 2 207 18
209 6 209 7
210 2 228 3
211 10 211 10
213 4 226 9
213 9 213 9
213 9 213 14
214 4 226 9
214 9 214 9
215 5 215 5
215 5 215 18
221 4 221 9
223 4 225 14
224 5 224 5
224 5 224 19
226 4 226 9
230 2 230 11
323 1 365 2
324 2 324 18
327 2 365 2
328 2 328 18
330 6 330 12
331 2 342 3
332 11 332 11
334 4 340 9
334 9 334 9
334 9 334 14
335 4 340 9
335 9 335 9
336 5 336 5
336 5 336 18
337 4 339 14
338 5 338 5
338 5 338 19
340 4 340 9
345 2 365 2
347 3 347 19
349 7 349 18
350 3 353 4
351 4 351 4
351 4 351 18
355 3 355 19
355 19 365 2
356 7 356 19
357 3 360 4
358 4 358 4
358 4 358 18
363 2 364 11
369 1 425 2
370 2 370 18
373 2 425 2
374 2 374 18
376 6 376 12
377 2 392 3
382 7 382 12
382 7 382 44
382 16 382 44
382 36 382 36
383 3 389 4
391 4 391 12
394 2 422 3
397 11 397 11
399 4 420 9
399 9 399 9
399 9 399 14
400 4 420 9
400 9 400 9
406 6 407 22
407 7 407 7
407 7 407 22
407 24 408 11
410 6 412 11
411 7 411 7
411 7 411 20
411 22 412 11
414 4 420 9
414 9 414 9
415 5 415 5
415 5 415 18
415 20 420 9
417 4 419 14
418 5 418 5
418 5 418 19
420 4 420 9
424 2 424 11
431 1 454 2
432 2 432 18
436 2 454 2
437 2 437 18
439 6 439 7
440 2 451 3
441 11 441 11
443 4 449 9
443 9 443 9
443 9 443 14
444 4 449 9
444 9 444 9
445 5 445 5
445 5 445 18
446 4 448 14
447 5 447 5
447 5 447 19
449 4 449 9
453 2 453 11
462 1 499 2
483 18 483 18
483 30 483 30
491 18 491 18
491 30 491 30
503 1 521 2
525 1 529 2
527 2 527 2
533 1 537 2
535 2 535 2
542 2 565 3
543 3 543 19
547 3 565 3
548 3 548 19
550 7 550 8
551 3 562 4
552 12 552 12
554 5 560 10
554 10 554 10
554 10 554 15
555 5 560 10
555 10 555 10
556 6 556 6
556 6 556 19
557 5 559 15
558 6 558 6
558 6 558 20
560 5 560 10
564 3 564 12
572 1 595 2
573 2 573 18
577 2 595 2
578 2 578 18
580 6 580 7
581 2 592 3
582 11 582 11
584 4 590 9
584 9 584 9
584 9 584 14
585 4 590 9
585 9 585 9
586 5 586 5
586 5 586 18
587 4 589 14
588 5 588 5
588 5 588 19
590 4 590 9
594 2 594 11
613 1 764 2
619 6 619 16
620 2 626 3
628 2 726 3
634 7 634 16
635 3 663 4
638 8 638 20
639 4 656 5
642 6 654 11
643 6 644 13
645 6 645 11
647 6 653 13
654 6 654 11
660 4 663 4
661 16 661 16
665 3 693 4
670 8 670 20
671 4 688 5
674 6 686 11
675 6 676 13
677 6 677 11
679 6 685 13
686 6 686 11
690 4 693 4
691 16 691 16
695 28 726 3
697 7 697 19
698 3 725 4
701 5 723 10
704 7 717 12
706 7 715 12
713 8 713 8
716 7 717 12
719 5 719 10
721 5 723 10
728 2 764 2
728 6 728 21
729 2 734 3
736 2 759 3
737 3 737 19
740 3 759 3
741 3 741 19
743 7 743 12
744 3 758 4
745 12 745 12
747 5 756 10
747 10 747 10
748 6 748 6
748 6 748 19
749 5 749 10
751 5 756 10
751 10 751 10
752 5 756 10
752 10 752 10
753 5 756 10
755 6 755 6
769 1 843 2
770 2 770 18
774 2 843 2
775 10 775 10
777 2 843 2
778 2 778 18
780 6 780 12
781 2 809 3
788 7 788 15
789 3 808 4
795 8 795 9
796 4 802 5
804 4 807 5
811 2 840 3
812 11 812 11
814 4 815 20
814 9 814 9
815 5 815 5
815 5 815 20
816 4 816 9
818 4 838 9
818 9 818 9
819 4 825 20
819 9 819 9
819 9 819 14
824 5 824 5
826 4 826 9
828 4 838 9
828 9 828 9
829 4 838 9
829 9 829 9
831 5 831 5
831 5 831 18
832 4 838 9
832 9 832 9
834 4 837 25
836 5 836 5
836 5 836 19
838 4 838 9
842 2 842 17
847 1 916 2
848 2 848 18
852 2 916 2
858 19 858 19
860 2 916 2
861 2 861 18
863 6 863 12
864 2 878 3
876 7 876 15
877 4 877 21
880 2 913 3
881 11 881 11
883 4 884 20
883 9 883 9
884 5 884 5
884 5 884 20
885 4 885 9
887 4 911 9
887 9 887 9
888 4 894 20
888 9 888 9
888 9 888 14
893 5 893 5
895 4 895 9
897 4 911 9
897 9 897 9
898 4 911 9
898 9 898 9
902 5 902 5
902 5 902 18
903 4 911 9
903 9 903 9
907 4 910 25
909 5 909 5
909 5 909 19
911 4 911 9
915 2 915 17
920 1 983 2
921 2 921 18
929 2 983 2
930 6 930 22
930 7 930 22
931 2 937 3
939 2 983 2
939 8 939 23
940 11 940 27
941 9 941 27
942 14 942 38
944 2 983 2
945 2 945 18
947 6 947 12
948 2 959 3
951 3 951 18
952 10 952 22
957 7 957 19
958 4 958 21
961 2 979 3
962 11 962 11
964 4 965 20
964 9 964 9
965 5 965 5
965 5 965 20
966 4 968 20
966 9 966 9
966 9 966 14
969 4 969 9
971 4 977 9
971 9 971 9
972 5 972 5
972 5 972 18
973 4 976 25
974 5 974 5
974 5 974 19
977 4 977 9
981 2 982 17
987 1 1050 2
988 2 988 18
997 2 1050 2
998 6 998 22
998 7 998 22
999 2 1005 3
1007 2 1050 2
1007 8 1007 23
1008 11 1008 27
1009 9 1009 27
1010 12 1010 36
1012 2 1050 2
1013 2 1013 18
1015 6 1015 12
1016 2 1026 3
1019 10 1019 22
1024 7 1024 19
1025 4 1025 21
1028 2 1046 3
1029 11 1029 11
1031 4 1032 20
1031 9 1031 9
1032 5 1032 5
1032 5 1032 20
1033 4 1035 20
1033 9 1033 9
1033 9 1033 14
1036 4 1036 9
1038 4 1044 9
1038 9 1038 9
1039 5 1039 5
1039 5 1039 18
1040 4 1043 25
1041 5 1041 5
1041 5 1041 19
1044 4 1044 9
1048 2 1049 17
1063 1 1086 2
1064 6 1064 27
1065 3 1065 12
1067 2 1086 2
1067 6 1067 26
1068 2 1072 3
1069 3 1069 3
1069 11 1069 11
1070 3 1070 3
1070 3 1070 17
1074 2 1086 2
1074 6 1074 23
1075 3 1075 12
1077 2 1086 2
1077 6 1077 24
1078 3 1078 12
1080 2 1082 11
1084 2 1085 11
1090 1 1107 2
1094 6 1094 27
1095 3 1095 12
1097 2 1107 2
1097 6 1097 24
1098 3 1098 12
1100 2 1107 2
1100 6 1100 61
1101 3 1101 12
1103 2 1103 11
1105 2 1106 11
1111 1 1131 2
1115 6 1115 27
1116 3 1116 12
1118 2 1131 2
1118 6 1118 23
1119 3 1119 12
1121 2 1131 2
1121 6 1121 24
1122 3 1122 12
1124 2 1131 2
1124 6 1124 62
1125 3 1125 12
1127 2 1127 11
1129 2 1130 11
