1 0 3 3
4 0 4 10
5 0 5 9
6 0 6 14
7 0 7 14
8 0 8 16
9 0 9 16
10 0 10 14
11 0 11 12
12 0 12 11
13 0 13 13
14 0 14 17
15 0 15 16
16 0 16 13
17 0 17 13
19 0 19 32
20 0 20 31
21 0 21 30
23 0 23 35
24 0 24 35
26 0 26 30
28 16 28 35
32 1 32 21
34 9 34 50
37 9 37 65
38 7 38 18
47 1 52 4
54 16 65 2
67 16 73 14
75 2 78 5
79 10 79 23
80 5 80 19
81 10 81 21
83 13 83 28
85 6 85 18
87 11 87 22
89 11 89 25
94 15 94 20
95 28 95 54
96 16 96 68
96 32 96 44
96 48 96 57
97 15 97 17
98 20 98 22
100 2 100 27
102 16 102 27
104 3 104 8
106 3 106 21
117 2 119 5
121 3 121 22
122 9 122 18
125 9 125 36
133 2 136 5
137 9 137 36
140 2 142 5
143 9 143 30
146 2 148 5
149 9 149 21
149 9 149 59
149 26 149 59
156 2 158 5
159 12 159 44
160 9 160 27
160 9 160 69
160 32 160 69
163 2 165 5
166 12 166 41
167 5 167 21
170 10 170 29
174 12 174 17
175 6 175 16
176 4 176 9
178 5 178 24
179 17 179 47
180 12 180 76
181 10 181 27
184 12 184 49
185 10 185 27
187 4 187 33
188 27 194 3
197 3 199 6
200 10 200 21
203 3 205 6
206 9 206 20
209 2 215 5
216 9 216 28
216 9 218 25
216 32 218 25
218 2 218 25
220 2 225 5
226 9 226 13
229 2 231 5
233 5 233 24
235 12 235 15
236 10 236 49
238 12 238 26
239 13 239 43
240 10 240 52
242 9 242 13
245 2 248 5
249 17 249 34
251 5 251 65
252 13 252 22
254 7 254 51
255 6 255 52
257 14 257 25
259 14 259 23
261 9 263 25
263 2 263 25
265 2 270 5
271 10 271 37
274 5 274 34
277 8 277 43
278 10 278 40
280 4 280 8
282 7 282 21
283 12 286 6
288 9 288 51
291 2 293 3
296 5 296 49
297 3 297 63
299 5 299 46
300 3 300 57
303 5 303 56
304 3 304 66
306 14 306 82
307 3 313 4
316 2 316 18
319 9 319 28
320 9 320 19
322 7 322 33
323 3 323 38
325 3 325 45
329 22 329 38
330 2 334 3
337 8 337 24
338 5 338 21
340 4 342 5
344 4 346 5
349 7 349 24
351 11 351 29
352 9 352 18
354 11 354 13
356 9 360 3
364 19 364 46
365 9 365 28
367 10 371 4
372 9 372 43
373 10 373 32
380 12 380 50
381 15 381 36
383 2 383 41
384 5 384 41
385 3 385 44
386 2 386 51
389 9 389 38
391 2 391 37
392 2 392 38
394 2 396 3
398 2 400 3
402 12 402 14
403 15 403 27
404 16 404 39
405 2 405 20
407 11 407 27
408 8 408 29
410 6 410 29
411 4 411 12
414 8 414 23
415 10 415 24
417 8 417 34
418 4 418 39
419 4 419 12
421 6 421 29
422 7 422 38
424 5 424 31
425 5 425 13
426 7 426 28
428 5 428 13
431 7 431 52
432 13 432 20
433 9 433 36
434 13 434 21
439 9 439 26
440 5 444 6
445 8 445 33
447 13 447 45
448 7 448 22
450 8 450 29
453 8 453 26
456 7 456 12
457 10 457 27
458 14 458 38
459 6 466 7
461 8 461 34
461 38 461 60
461 61 461 64
467 8 467 25
469 9 469 26
470 5 470 44
471 8 471 27
475 7 475 82
477 5 477 65
480 5 480 9
483 4 483 8
485 18 485 25
486 8 486 25
487 4 491 5
494 9 494 23
495 7 495 38
496 3 500 4
504 5 504 25
505 9 505 25
506 9 506 25
507 3 517 4
521 7 521 12
522 12 522 40
524 15 524 22
525 6 525 16
526 9 526 28
527 9 527 25
528 9 528 54
529 10 529 21
531 12 531 25
532 11 532 28
533 5 533 19
534 11 534 27
535 11 535 28
536 13 536 26
537 6 537 20
538 12 538 28
540 12 540 25
541 11 541 20
543 7 543 33
544 10 544 29
545 11 545 21
546 11 546 26
547 13 547 43
549 12 549 14
550 10 550 13
553 3 570 4
562 15 562 35
562 39 562 49
572 2 572 43
574 11 574 30
575 6 575 24
576 4 576 12
577 7 577 25
579 6 579 40
580 4 583 5
584 8 584 25
585 4 585 42
586 8 586 39
587 4 587 41
589 4 593 5
596 16 596 60
597 12 597 13
598 9 598 19
599 7 599 22
600 18 600 47
601 18 601 47
603 18 603 25
604 18 604 20
606 4 611 5
609 19 609 25
609 29 609 50
609 51 609 58
621 5 621 28
623 6 623 33
624 21 624 23
625 13 625 41
627 13 627 37
628 15 628 34
629 12 629 29
631 5 635 6
638 6 638 21
640 4 640 87
643 6 643 44
645 7 645 22
649 3 649 25
652 2 654 5
656 10 656 20
657 10 657 40
658 13 658 33
660 12 660 25
661 5 661 21
664 13 664 32
668 6 668 33
669 18 669 62
671 7 671 32
672 13 672 22
674 13 674 21
675 16 675 64
677 18 677 29
679 13 684 4
685 9 685 18
687 17 687 25
690 13 696 4
698 2 721 3
708 12 708 29
708 12 709 8
709 9 709 31
712 12 712 33
712 12 713 10
713 10 713 44
723 3 723 26
725 5 725 45
726 5 726 28
727 6 727 34
729 2 729 46
730 8 730 18
731 11 731 21
733 6 733 27
734 2 734 7
735 2 735 10
736 2 736 20
738 2 738 12
739 2 739 10
