1 0 8 3
10 0 10 10
11 0 11 9
12 0 12 30
13 0 13 32
16 1 16 35
17 1 17 31
20 6 20 56
22 17 22 53
23 13 23 24
24 10 24 27
25 8 25 77
28 10 28 51
29 10 29 27
32 4 32 75
35 13 35 31
37 6 37 12
38 4 38 77
40 2 40 14
43 9 43 34
44 6 44 34
45 10 45 68
48 1 48 43
50 36 50 48
51 32 51 67
54 7 54 9
57 14 57 29
58 7 58 36
59 5 59 31
61 3 61 11
64 11 64 26
65 3 65 41
69 12 69 39
70 34 70 49
72 11 72 46
73 6 73 14
74 8 74 17
75 5 75 29
78 11 78 22
79 11 79 26
80 7 80 18
81 7 81 29
82 7 82 29
83 4 83 31
86 1 86 45
88 8 88 19
90 3 90 26
91 1 91 51
