1 0 5 3
6 0 6 9
7 0 7 15
8 0 8 13
10 0 10 32
11 0 11 30
14 1 14 21
15 1 15 23
17 4 17 19
18 15 18 17
20 9 20 40
21 15 21 45
23 6 23 22
24 23 24 37
26 14 26 16
27 4 27 33
28 2 28 73
29 1 29 38
31 6 31 69
32 1 32 46
35 1 35 26
36 10 36 23
37 1 37 14
39 7 39 34
40 2 40 57
42 7 42 32
43 14 43 20
44 3 44 34
47 1 47 21
48 13 48 15
50 4 50 19
51 15 51 17
53 9 53 40
54 12 54 47
56 4 56 24
57 13 57 27
59 2 59 31
60 2 60 50
62 11 62 26
63 13 63 68
65 15 65 45
67 6 67 42
68 25 68 33
70 7 70 69
71 6 71 24
72 2 72 38
75 1 75 30
76 1 76 24
77 9 77 36
78 15 78 38
79 1 79 53
81 15 81 41
82 12 82 43
83 16 83 48
84 29 84 36
86 8 86 13
87 6 87 42
88 8 88 16
89 1 89 77
90 1 90 45
92 6 92 37
93 2 93 22
96 2 96 31
97 2 97 28
100 1 102 4
103 1 103 26
105 36 105 48
106 24 106 32
107 10 107 27
108 10 108 27
110 10 110 16
111 1 111 53
113 8 113 43
114 4 114 21
115 20 115 40
117 20 117 25
119 12 119 50
120 21 120 72
121 14 121 44
123 4 123 27
124 5 124 29
125 3 125 26
126 7 126 28
127 3 127 53
129 3 129 54
131 5 131 22
132 3 132 66
134 3 134 78
136 8 136 19
138 3 138 26
139 1 139 11
141 1 141 51
