1 0 3 3
4 0 4 9
5 0 5 17
6 0 6 36
7 0 7 27
9 0 9 31
10 0 10 32
11 0 11 30
12 0 12 36
14 0 14 37
15 0 15 38
16 0 16 35
18 0 18 46
19 0 19 39
21 0 21 24
22 0 22 28
23 0 23 21
26 4 26 30
27 2 27 49
28 6 28 54
29 2 29 49
31 2 31 49
32 8 32 13
34 13 37 1
39 11 49 1
51 86 51 90
54 1 54 15
56 1 58 4
60 1 60 13
61 1 61 14
62 1 62 34
63 1 63 26
65 1 65 45
66 1 66 25
67 1 67 98
68 1 68 48
69 1 69 44
70 1 70 49
71 1 71 45
72 1 72 46
73 1 73 19
74 1 74 22
75 1 75 31
76 1 78 14
80 2 82 5
84 10 84 41
86 7 86 32
87 5 87 29
88 14 88 19
89 7 89 17
90 14 90 16
92 14 92 21
94 9 94 24
97 1 99 4
102 16 102 57
103 8 103 19
106 26 106 50
107 7 107 23
108 1 108 19
109 1 109 19
110 1 110 39
111 12 111 26
113 11 113 20
114 9 114 21
115 20 115 25
116 20 116 50
118 4 118 37
119 43 119 51
119 63 119 83
120 6 120 31
123 11 123 33
124 13 124 23
126 21 126 35
127 5 127 30
128 3 128 11
130 10 130 17
131 8 131 32
133 8 133 45
134 7 134 44
136 2 136 34
139 1 141 4
143 6 143 32
144 11 144 20
145 7 145 23
146 9 146 21
148 23 148 51
149 6 149 69
151 1 151 29
162 8 166 2
169 1 171 4
174 4 174 25
177 13 177 29
178 9 178 16
180 13 180 40
182 3 182 39
186 12 186 39
188 9 188 43
189 21 189 80
192 2 192 74
193 2 193 20
195 2 201 3
203 14 203 69
204 2 204 67
205 2 205 17
206 2 206 17
209 10 220 2
222 7 222 53
223 13 223 43
225 8 225 25
227 36 227 48
228 21 228 62
230 4 230 44
231 8 231 54
233 8 233 24
235 4 235 46
236 8 236 56
238 8 238 11
241 21 241 77
242 19 242 50
245 11 245 24
246 1 246 21
247 1 247 15
248 1 248 20
250 7 260 2
259 21 259 48
262 5 262 30
263 6 263 28
264 2 264 22
266 8 266 19
