1 0 3 3
4 0 4 36
6 0 8 15
8 1 8 15
10 1 29 4
30 1 30 12
31 1 31 14
32 1 34 13
36 2 38 5
39 6 39 17
40 6 40 17
41 9 41 28
45 9 45 45
49 2 51 5
52 9 54 14
56 2 58 5
59 9 59 18
62 9 68 4
72 2 75 5
76 9 78 10
80 2 82 5
83 9 83 53
86 2 90 5
93 6 93 9
94 6 94 13
95 11 95 17
96 8 96 24
97 8 97 12
99 7 99 17
100 7 100 17
101 9 101 37
104 2 107 5
108 9 112 3
115 9 115 19
117 1 117 15
119 1 127 4
129 1 129 12
130 1 132 10
134 2 136 5
137 9 137 30
141 2 143 5
144 9 144 31
148 2 150 5
151 9 151 55
154 2 156 5
157 9 157 40
160 2 162 5
163 9 163 40
165 1 165 15
167 1 188 4
189 1 189 12
190 1 190 15
191 1 191 14
192 1 192 21
193 1 193 20
194 1 196 10
197 19 197 26
198 2 201 5
202 6 202 20
203 6 203 20
204 9 204 52
207 2 207 39
208 2 208 37
209 2 209 37
212 6 212 20
213 8 213 37
214 8 214 32
215 8 215 33
216 9 223 5
226 6 226 16
227 6 227 21
228 6 228 20
229 6 229 15
230 7 230 14
232 9 242 3
