1 0 3 3
4 0 4 10
5 0 5 16
6 0 6 14
8 0 8 37
9 0 11 25
11 1 11 25
13 1 13 28
15 1 15 17
17 13 17 22
18 2 18 20
21 1 23 4
25 9 25 34
27 10 27 15
28 2 28 33
29 7 29 25
30 2 30 34
32 1 32 29
33 1 33 37
34 1 34 39
36 10 36 18
37 2 37 40
38 1 38 59
41 7 41 50
42 6 42 44
43 1 43 46
45 6 45 17
46 1 46 24
48 1 48 53
49 1 49 55
52 6 52 33
54 5 54 20
55 1 55 26
56 1 56 33
57 1 57 25
60 8 60 27
61 1 61 45
63 7 63 67
64 8 64 16
65 1 65 46
66 1 66 40
69 6 69 21
71 7 71 38
72 1 72 56
74 6 74 28
75 1 75 56
76 1 76 56
77 1 77 49
78 1 78 45
81 6 81 30
82 1 82 34
86 6 86 29
87 9 87 19
88 2 88 35
89 2 89 33
92 1 92 35
95 1 97 4
99 5 99 54
100 1 100 28
101 10 101 76
103 10 103 19
104 3 104 23
106 6 106 17
107 10 107 12
108 2 108 43
109 1 109 24
110 1 110 17
112 10 112 23
113 3 113 11
115 6 115 17
116 10 116 12
117 2 117 43
119 1 119 18
122 1 124 4
125 6 125 33
127 5 127 54
128 1 128 34
130 16 130 45
131 15 131 48
132 15 132 41
133 1 133 25
134 1 134 24
135 1 135 24
137 10 137 19
138 3 138 23
140 6 140 28
141 1 141 15
142 1 142 24
144 10 144 23
145 3 145 11
147 6 147 28
148 1 148 15
149 1 149 38
151 6 151 39
152 1 152 15
153 1 153 23
155 6 155 34
156 1 156 15
157 1 157 24
159 1 159 42
160 1 160 42
161 1 161 40
164 1 167 4
169 5 169 54
170 5 170 15
171 1 171 27
172 1 172 28
173 1 173 30
175 5 175 14
176 5 176 17
177 5 177 25
178 1 178 27
180 10 184 2
185 11 185 29
187 1 187 23
190 1 192 4
193 7 193 35
195 5 195 54
196 6 196 42
197 10 197 25
198 10 200 2
202 1 202 22
204 6 204 31
205 1 207 2
208 1 208 20
209 10 209 25
210 1 210 20
211 1 211 22
214 1 216 4
217 5 217 54
218 5 218 21
220 5 220 16
221 1 221 22
222 1 222 12
224 6 224 28
225 1 225 22
227 5 227 35
228 1 228 22
232 5 232 54
233 7 233 20
234 6 234 23
235 2 235 21
237 7 237 20
238 6 238 23
239 2 239 18
241 1 241 20
242 6 242 23
243 2 243 29
245 7 245 19
246 11 246 26
247 1 247 33
248 6 248 27
249 2 249 28
251 1 251 20
252 1 252 37
253 1 253 43
254 7 254 16
255 1 255 34
256 8 256 17
257 6 257 24
258 2 258 36
261 1 264 4
266 5 266 54
267 5 267 33
269 6 269 18
270 1 270 13
271 1 271 32
272 1 272 33
274 6 274 28
275 1 275 32
276 1 276 30
279 1 281 4
283 5 283 54
284 5 284 23
285 5 285 20
286 5 286 24
287 1 287 13
288 1 288 34
289 1 289 39
291 6 291 24
292 1 292 28
293 9 293 29
294 1 294 31
296 6 296 29
297 1 297 37
299 6 299 7
300 1 300 28
303 6 303 24
304 1 304 25
306 6 306 28
307 1 307 26
310 6 310 26
312 5 312 35
314 6 314 15
315 6 315 15
316 6 316 17
317 6 317 16
318 1 318 23
319 1 319 23
320 1 320 23
321 1 321 23
324 1 326 4
327 1 327 12
329 5 329 54
330 5 330 33
331 6 331 20
332 2 332 19
334 1 334 27
336 10 336 31
337 1 337 16
341 6 341 20
342 2 342 23
344 10 344 31
346 1 346 21
347 5 347 42
348 1 348 33
351 1 353 4
355 5 355 54
356 5 356 33
357 6 357 20
358 2 358 19
360 1 360 27
361 17 361 38
363 9 363 45
365 1 365 27
366 12 366 33
368 1 368 31
369 1 369 61
372 1 374 4
376 5 376 54
377 5 377 13
378 6 378 38
379 2 379 19
380 1 380 27
381 1 381 38
384 1 386 4
388 5 388 54
389 5 389 13
390 1 390 34
391 6 391 33
392 2 392 27
395 1 397 4
400 12 400 32
401 1 401 38
402 1 402 39
405 12 405 55
406 1 406 46
407 1 407 49
410 11 410 38
411 1 411 34
412 1 412 37
415 1 418 4
419 5 419 54
420 5 420 21
421 13 421 32
422 1 422 52
423 18 423 35
424 1 424 59
427 1 429 4
430 1 430 31
431 1 431 41
433 6 433 30
435 1 435 49
436 1 436 66
437 1 437 63
439 1 439 78
443 11 443 37
444 1 444 43
445 1 445 32
447 16 447 36
448 1 448 49
449 1 449 37
451 10 451 31
452 1 452 37
455 1 457 4
458 5 458 54
460 5 460 13
461 6 461 21
462 2 462 26
464 1 464 36
466 6 466 38
467 2 467 27
469 1 469 38
471 7 471 23
473 7 473 23
474 3 474 7
475 8 475 17
476 2 476 41
479 1 481 4
482 5 482 54
484 5 484 13
486 7 486 22
487 3 487 7
488 8 488 25
489 2 489 6
491 2 491 59
494 1 496 4
498 5 498 54
499 6 499 18
500 6 500 20
501 1 501 28
503 6 503 22
504 2 504 18
506 1 506 28
507 1 507 28
508 1 508 13
509 1 509 28
510 1 510 28
511 1 511 28
513 1 513 13
514 1 514 28
515 1 515 28
518 5 518 54
520 10 520 20
521 1 521 41
524 7 524 21
525 1 525 29
527 1 527 25
528 1 528 47
530 1 530 29
531 6 531 23
532 2 532 31
533 1 533 17
534 1 534 32
535 1 535 29
536 1 536 47
538 10 538 30
539 1 539 18
540 7 540 47
541 7 541 52
542 1 542 40
544 1 544 29
545 1 545 14
546 1 546 22
547 1 547 44
548 1 548 37
551 1 553 4
554 1 554 48
557 1 559 4
560 1 560 48
563 1 565 4
567 8 567 57
568 6 568 20
569 6 569 20
570 6 570 20
572 9 572 21
573 10 573 15
574 2 574 28
576 9 576 47
577 1 577 25
578 5 578 13
580 1 580 39
582 5 582 45
583 1 583 26
586 1 588 4
590 8 590 57
591 13 591 43
593 7 593 19
594 1 594 17
595 1 595 68
597 1 597 36
600 1 602 4
604 8 604 57
605 6 605 20
606 1 606 17
608 1 608 72
609 1 609 55
612 1 614 4
616 13 616 39
617 10 617 36
619 5 619 54
620 5 620 25
621 5 621 15
622 1 622 27
624 18 624 30
625 2 625 30
626 11 626 16
627 3 627 30
629 1 629 31
632 5 632 15
633 1 633 30
634 1 634 61
637 1 639 4
640 6 640 55
642 6 642 19
643 1 643 27
645 7 645 17
646 1 646 23
648 7 648 17
649 1 649 24
651 7 651 17
652 1 652 24
653 6 653 56
655 1 655 51
656 1 656 47
657 1 657 43
658 1 658 38
661 1 664 4
665 6 665 55
667 5 667 19
668 1 668 27
669 1 669 27
671 1 671 26
672 1 672 34
673 6 673 17
674 2 674 32
676 1 676 27
677 1 677 35
678 6 678 17
679 2 679 33
682 1 684 4
685 5 685 68
686 1 686 28
687 6 687 19
688 2 688 34
691 1 693 4
695 6 695 55
696 1 703 7
705 12 705 28
707 1 707 24
708 1 708 81
710 7 710 65
711 1 711 66
712 1 712 53
715 1 717 4
719 6 719 55
720 1 727 7
729 12 729 35
730 1 730 24
732 12 732 35
733 1 733 24
735 12 735 35
736 1 736 24
737 7 737 65
738 1 738 19
741 1 743 4
745 6 745 55
746 1 760 7
762 12 762 35
763 1 763 24
765 12 765 35
766 1 766 24
769 7 769 51
771 10 771 18
772 5 772 25
773 3 773 22
775 1 775 17
778 12 778 35
779 1 779 24
781 7 781 65
782 1 782 19
783 7 783 66
784 1 784 19
785 1 785 25
787 12 787 35
788 7 788 66
789 1 789 31
791 12 791 35
792 7 792 66
793 1 793 37
796 1 798 4
799 6 799 55
800 5 800 37
802 1 802 13
803 1 803 27
804 1 804 42
807 1 807 13
808 1 808 27
811 1 811 20
812 1 812 13
813 1 813 27
816 5 816 12
817 1 817 13
818 1 818 13
819 1 819 32
822 1 827 4
828 1 828 16
829 6 829 55
830 7 830 24
834 3 834 20
835 8 835 35
836 2 836 31
837 2 837 24
838 2 838 28
839 2 839 31
841 2 841 44
845 3 845 33
846 8 846 35
847 2 847 31
848 2 848 28
849 2 849 28
850 2 850 31
852 2 852 44
855 1 855 42
856 1 856 34
859 1 859 35
860 1 860 36
861 1 861 37
862 1 862 53
863 1 863 50
866 1 871 4
872 1 872 16
873 6 873 55
874 7 874 22
875 1 875 24
878 1 878 43
879 1 879 38
882 1 882 30
883 1 883 30
887 2 887 44
888 8 888 35
889 2 889 31
890 2 890 31
891 2 891 28
892 2 892 23
893 2 893 31
895 2 895 44
898 1 903 4
904 1 904 16
905 6 905 55
906 7 906 22
907 1 907 24
910 1 910 48
911 1 911 44
915 2 915 33
916 8 916 35
917 2 917 37
918 2 918 23
919 2 919 33
920 2 920 31
922 2 922 44
925 1 930 4
931 1 931 16
932 6 932 55
933 7 933 22
934 1 934 24
935 9 935 35
938 1 938 32
939 1 939 36
943 2 943 23
944 8 944 35
946 2 946 36
947 2 947 29
948 2 948 32
949 2 949 31
951 2 951 44
955 2 955 21
956 8 956 35
958 2 958 31
959 2 959 29
960 2 960 27
961 2 961 31
963 2 963 44
966 1 973 4
974 1 974 16
975 6 975 55
976 7 976 21
977 1 977 24
981 3 981 29
982 8 982 35
984 2 984 39
985 2 985 30
986 2 986 31
988 2 988 44
991 1 991 55
995 1 995 42
996 1 996 47
999 1 1004 4
1006 1 1006 41
1008 5 1008 20
1009 1 1009 32
1010 5 1010 10
1011 1 1011 34
1012 5 1012 20
1013 1 1013 36
1015 1 1015 84
1016 1 1016 54
