1 0 3 3
4 0 4 11
5 0 5 14
6 0 6 18
7 0 7 16
8 0 8 33
10 0 10 30
11 0 11 32
12 0 12 37
14 0 14 18
17 6 17 50
18 5 18 49
19 8 19 88
22 11 22 14
23 10 23 18
24 13 24 14
25 5 25 27
26 3 26 16
27 13 27 16
29 4 29 11
30 2 30 15
32 1 34 10
36 1 51 4
53 1 53 20
54 1 54 19
55 1 55 19
56 1 58 13
60 2 62 5
63 10 63 27
64 10 64 27
65 10 65 25
67 5 67 17
68 10 68 41
70 12 70 25
71 14 71 29
72 20 72 43
73 5 73 11
74 12 74 21
78 5 78 12
79 13 79 29
80 9 80 46
84 2 86 5
87 5 87 26
90 5 90 25
93 9 93 35
93 9 93 69
93 39 93 67
96 9 96 46
99 9 99 54
102 2 104 5
105 12 105 24
106 11 106 22
107 11 107 22
109 5 109 20
110 6 110 25
111 11 111 33
112 11 112 19
114 11 114 18
115 11 115 20
117 10 117 47
118 10 118 18
120 9 120 21
123 2 125 5
126 6 126 51
127 9 127 29
130 2 132 5
133 15 133 38
134 9 134 24
135 9 135 52
138 2 140 5
141 15 141 38
143 12 143 54
144 12 150 3
152 9 152 16
154 14 161 1
164 9 164 35
165 8 165 24
168 4 168 29
169 9 169 29
170 8 170 14
173 1 203 2
206 4 206 28
207 9 207 71
208 6 208 42
209 9 209 63
210 6 210 24
211 9 211 26
213 9 213 26
216 1 246 2
249 1 279 2
281 13 281 30
282 1 284 4
285 11 285 26
289 9 289 38
291 11 291 19
292 6 292 19
293 10 293 15
295 4 295 23
297 11 297 62
298 9 298 16
298 9 298 106
298 20 298 39
298 40 298 42
301 9 303 10
306 5 306 33
307 3 307 26
309 20 309 44
310 21 310 72
314 53 314 82
315 5 315 20
316 20 316 41
318 20 318 22
321 22 321 24
322 17 322 43
323 12 323 29
325 21 325 30
326 10 326 59
327 29 327 54
329 19 329 75
330 37 330 49
333 29 333 73
335 2 335 32
339 9 339 39
342 2 344 5
346 9 346 35
347 9 347 17
349 3 349 8
352 3 352 33
355 10 355 36
356 10 356 18
357 4 357 9
360 4 360 9
362 9 362 12
365 9 365 35
367 8 367 23
368 5 368 15
370 3 370 37
372 8 372 20
373 2 373 74
374 2 374 36
377 9 377 109
378 2 378 65
379 2 379 53
382 2 384 5
385 8 388 3
389 7 389 51
390 8 416 3
418 2 418 65
419 2 419 52
422 2 424 5
425 8 428 3
429 7 429 51
430 8 464 3
466 2 466 65
467 2 467 52
470 2 472 5
473 10 473 37
474 8 477 3
479 7 479 51
480 8 514 3
516 2 516 65
517 2 517 52
521 3 521 19
523 11 523 55
524 6 524 16
525 11 525 37
527 6 527 33
528 16 528 40
529 7 529 24
530 5 530 63
532 5 532 95
533 5 533 54
536 7 536 60
537 6 537 14
538 7 538 40
539 12 539 75
541 7 541 14
542 12 542 48
544 8 544 38
545 13 545 43
547 13 547 72
549 6 549 48
552 5 552 55
554 11 554 22
556 5 556 9
559 11 559 27
560 7 560 15
561 15 561 40
563 15 563 40
564 10 564 18
565 4 565 8
567 11 567 76
569 10 569 92
570 3 570 78
571 3 571 37
573 3 573 19
574 3 574 24
575 3 575 31
