1 0 3 3
4 0 4 10
5 0 5 9
6 0 6 16
7 0 7 17
8 0 8 11
9 0 9 18
11 0 11 36
12 0 12 31
13 0 13 36
14 0 14 30
15 0 15 32
16 0 16 39
18 0 18 77
19 0 19 18
20 0 20 18
21 0 21 30
23 16 23 29
24 13 24 23
26 22 26 34
27 21 27 34
28 15 28 27
29 16 29 29
30 16 30 29
33 10 33 23
34 8 37 2
44 9 44 28
45 8 45 23
47 8 47 47
48 9 48 30
49 13 49 38
50 12 50 36
53 4 53 29
55 12 55 36
60 12 60 14
62 13 67 2
69 10 69 18
70 8 70 47
71 5 71 34
72 3 72 8
76 19 76 21
77 10 77 18
78 12 78 48
79 5 79 38
81 9 81 40
82 27 82 39
83 10 83 27
84 4 84 8
86 22 86 64
87 4 87 27
90 30 90 71
91 10 91 27
92 4 92 12
94 4 94 9
101 12 101 14
102 11 102 13
103 10 103 12
108 15 108 22
110 16 110 45
113 17 113 32
114 37 114 61
117 5 117 59
119 3 119 11
121 10 121 18
122 13 122 28
123 11 123 29
124 10 124 29
126 8 126 18
127 2 127 56
130 10 130 28
131 10 131 31
132 10 132 31
133 11 133 33
138 7 138 18
141 2 141 47
143 5 143 33
146 10 146 42
147 21 147 33
149 11 149 13
151 4 151 9
153 11 153 78
154 15 154 33
155 23 155 47
156 23 156 60
157 36 157 37
158 11 158 15
159 15 159 19
160 11 160 15
161 15 161 19
163 27 163 45
165 34 165 50
168 4 168 84
170 6 170 46
172 10 172 38
173 5 173 35
176 26 176 39
177 13 177 19
178 5 178 64
180 8 180 44
181 9 181 56
182 3 182 57
184 14 184 22
185 14 185 17
188 4 188 37
190 19 190 68
192 21 192 44
193 13 193 24
194 18 194 29
199 19 205 2
200 14 200 28
200 32 200 43
208 18 208 24
209 19 209 33
210 19 210 31
211 19 211 52
212 19 212 34
213 19 213 52
214 19 214 87
215 19 215 65
216 19 216 23
217 11 217 35
218 1 218 19
220 1 220 55
221 1 221 63
222 1 222 54
223 1 223 53
225 4 225 24
226 14 226 31
227 5 227 30
229 17 229 65
230 10 230 20
231 4 231 8
233 4 233 17
234 10 234 31
235 4 235 58
237 10 237 18
238 5 238 33
239 12 239 13
240 3 240 8
246 9 246 30
247 7 250 2
251 7 251 66
253 8 253 82
254 1 254 98
257 1 257 95
260 10 260 85
261 10 261 51
262 8 262 44
263 10 263 65
264 10 264 60
266 9 266 37
267 10 267 79
268 1 268 62
269 1 269 44
273 9 273 11
275 29 275 56
276 5 276 58
278 3 278 11
280 2 280 82
281 2 281 54
283 1 283 84
285 8 288 2
290 7 290 48
291 10 291 50
292 8 292 26
292 8 292 59
292 30 292 59
293 7 293 72
294 7 294 85
296 1 296 101
299 1 304 4
306 5 306 15
307 13 307 17
308 19 308 29
309 17 309 25
311 8 311 48
312 9 312 61
313 8 313 19
316 6 316 61
318 12 318 14
319 11 319 29
320 8 320 21
321 10 321 58
322 2 322 82
323 2 323 77
325 2 332 4
335 9 335 31
336 9 336 11
337 4 337 25
338 10 338 50
339 10 339 31
341 10 341 51
342 10 342 18
344 1 344 31
345 1 345 100
347 8 351 2
353 7 353 85
354 7 354 49
355 9 355 38
356 1 356 65
358 4 358 26
359 12 359 48
362 11 362 44
363 6 363 34
364 4 364 12
365 3 365 65
367 2 376 22
379 10 379 21
380 5 380 11
381 3 381 11
383 9 383 33
386 8 386 32
389 15 389 23
390 5 390 30
391 10 391 30
392 8 392 14
394 11 398 1
400 13 403 1
406 1 419 4
421 9 421 27
422 16 422 47
423 8 423 38
426 1 428 4
430 1 430 30
431 1 431 35
432 6 432 45
434 22 434 27
435 7 435 77
436 2 436 23
439 1 443 4
445 11 445 29
446 30 446 57
447 3 447 16
449 14 449 16
450 11 450 16
451 11 451 47
452 10 452 75
453 2 453 18
454 5 454 31
455 3 455 18
456 2 456 36
459 1 459 21
462 14 462 16
463 13 463 23
465 9 465 61
466 6 466 34
467 4 467 31
468 4 468 15
469 9 469 19
470 3 470 7
471 1 471 21
474 1 476 4
478 1 478 39
480 7 480 14
481 4 481 18
482 8 482 34
483 12 483 74
484 2 487 3
489 6 489 23
490 2 490 65
493 17 493 19
494 16 494 18
495 10 498 2
499 5 499 62
500 13 500 41
501 20 501 67
502 12 502 25
503 10 503 28
506 11 506 24
507 12 507 53
508 1 508 15
509 1 509 20
510 16 510 69
513 4 513 12
514 13 514 26
515 14 518 3
520 14 520 36
523 11 523 20
524 16 524 43
525 12 525 14
526 6 526 59
528 4 528 12
531 15 531 23
532 7 532 47
534 9 534 67
535 6 535 69
537 4 537 12
539 19 539 38
540 18 540 56
542 13 542 52
543 16 543 62
544 13 544 37
545 13 545 55
547 8 547 56
548 4 551 5
554 1 556 4
558 7 558 14
559 4 559 18
560 8 560 34
561 11 561 51
562 2 562 56
565 10 571 2
572 5 572 55
573 13 573 41
574 16 574 59
577 11 577 24
578 6 578 30
579 1 579 15
580 1 580 20
583 7 583 43
584 1 584 11
587 12 590 2
592 1 592 15
593 4 593 19
594 2 606 5
607 6 607 23
608 21 608 66
609 10 609 21
611 9 611 38
612 5 612 23
614 4 614 43
615 4 615 25
616 4 616 14
617 4 617 19
619 2 619 85
622 36 622 48
623 9 623 20
626 5 626 20
627 10 627 27
628 7 628 25
629 10 629 30
631 3 631 76
633 8 633 17
634 2 634 23
635 2 635 23
636 2 636 36
639 8 639 27
639 17 639 21
