1 0 10 3
11 0 11 9
12 0 12 10
13 0 13 13
14 0 14 16
15 0 15 16
16 0 16 13
17 0 17 11
19 0 19 45
20 0 20 32
21 0 21 35
22 0 22 26
23 0 23 29
25 0 25 38
26 0 26 46
27 0 27 34
28 0 28 40
30 0 30 41
32 0 32 21
34 14 34 27
35 1 52 4
54 21 54 52
55 16 55 46
59 6 64 3
66 9 66 16
68 14 68 28
70 12 70 21
74 17 74 19
77 18 77 32
78 23 78 25
79 18 79 30
83 2 83 17
84 27 84 45
86 5 86 27
87 3 87 31
90 2 92 5
94 5 94 57
97 11 97 22
99 19 99 29
100 13 100 26
102 3 102 35
103 8 103 68
105 13 105 89
106 3 106 56
107 28 107 46
108 3 108 15
109 20 109 27
110 9 110 22
111 19 111 30
112 3 112 8
114 3 114 19
117 9 117 17
120 8 120 30
122 14 122 52
126 5 126 40
132 2 134 5
136 5 136 25
137 3 137 28
138 3 138 18
139 7 139 58
142 19 142 26
144 19 144 28
145 3 145 45
148 2 150 5
153 12 153 25
154 16 154 35
155 5 155 28
156 17 156 19
159 8 159 32
161 5 161 24
162 3 162 34
164 24 164 42
166 7 166 77
167 22 167 24
170 5 170 21
171 3 171 28
174 12 174 29
175 5 175 31
178 13 178 28
180 5 180 34
181 19 181 31
183 2 183 59
184 28 184 36
186 5 186 37
187 6 187 28
188 4 188 18
189 8 189 41
192 4 192 18
195 8 195 22
196 5 196 21
197 10 197 33
198 9 198 12
201 2 201 27
202 2 202 42
205 2 205 27
206 2 206 41
209 2 209 27
210 2 210 42
213 2 213 48
216 2 216 48
219 5 219 26
222 2 222 26
223 5 223 66
224 3 224 21
226 3 226 28
228 14 228 27
231 9 231 45
234 23 234 27
235 17 235 24
236 24 236 26
239 2 239 25
241 9 241 49
242 2 242 52
244 8 244 60
245 2 245 51
247 9 247 27
248 5 248 30
249 3 249 23
251 7 252 58
253 2 253 42
256 7 256 55
257 5 257 20
258 3 258 19
261 2 261 27
264 5 264 26
267 2 267 26
268 14 268 32
269 3 269 19
272 9 272 46
278 7 278 19
279 68 279 72
282 9 282 11
283 12 283 16
284 4 284 17
285 10 285 23
286 3 286 10
288 6 288 18
289 12 289 28
291 3 291 87
295 6 295 20
296 12 296 14
298 7 298 36
300 6 300 16
301 12 301 42
302 13 302 52
303 7 303 32
304 5 304 21
306 8 306 23
307 4 307 20
309 13 309 23
311 3 311 23
312 3 312 17
313 9 313 18
314 3 314 99
316 6 316 13
317 4 317 68
319 4 319 62
322 63 322 67
324 11 324 46
325 5 325 12
328 9 328 38
329 19 329 59
331 8 331 22
332 8 332 36
333 3 333 25
334 3 334 35
336 11 336 29
336 15 336 21
336 25 336 28
337 5 337 11
338 3 338 67
339 2 339 56
341 2 341 56
348 7 348 19
349 15 349 30
350 19 350 54
353 34 353 49
357 13 357 33
359 13 359 21
361 43 361 51
362 26 362 36
364 12 364 36
365 6 365 50
365 7 365 24
365 28 365 36
366 4 366 45
369 6 369 43
370 4 370 55
371 4 371 23
372 4 372 58
373 4 373 12
375 7 375 36
376 15 376 26
377 10 377 23
380 6 380 15
382 18 382 78
383 14 383 21
385 17 385 24
386 18 386 84
388 7 388 21
389 5 389 24
390 5 390 98
391 5 391 13
393 7 393 25
394 5 394 9
395 9 395 83
395 32 395 63
395 67 395 81
397 14 397 28
398 10 398 42
399 15 399 39
400 12 400 42
402 16 402 82
403 35 403 43
404 5 404 27
405 5 405 36
406 5 406 26
407 5 407 13
408 9 408 41
409 5 409 24
410 5 410 78
411 5 411 13
414 6 414 19
415 13 415 31
416 7 416 39
417 15 417 27
418 14 418 30
420 14 420 26
424 6 424 46
425 26 425 52
426 7 426 26
428 5 428 9
430 26 430 38
432 14 432 63
434 6 434 24
435 7 435 40
436 12 436 18
437 13 437 41
438 14 438 41
440 14 440 43
441 14 441 16
443 24 443 58
444 19 444 64
446 12 446 18
447 13 447 18
448 8 448 36
449 7 449 26
450 12 450 18
451 13 451 18
452 14 452 63
453 9 453 29
454 12 454 18
455 13 455 18
457 14 457 16
458 24 458 58
459 23 459 50
460 6 463 8
465 12 465 18
466 13 466 27
467 8 467 26
468 4 468 8
469 8 469 28
470 13 470 21
471 8 471 33
472 13 472 19
473 14 473 25
474 15 474 52
475 6 475 11
485 11 485 17
486 12 486 33
487 13 487 57
489 3 489 22
490 3 490 83
492 5 492 10
493 3 493 17
495 16 512 3
515 2 517 5
518 9 518 25
521 2 523 5
525 5 525 36
526 3 526 22
527 10 527 38
529 10 529 50
532 2 534 5
536 5 536 36
537 3 537 23
538 10 538 41
540 10 540 50
543 2 545 5
548 2 548 26
550 9 550 18
553 2 555 5
558 2 558 26
560 9 560 19
563 2 565 5
567 5 567 20
573 5 573 36
574 10 574 45
576 2 576 23
577 9 577 40
580 2 582 5
584 5 584 36
585 10 585 48
588 2 588 23
590 9 590 38
593 2 595 5
597 5 597 36
598 3 598 21
599 10 599 51
601 10 601 58
604 2 607 5
609 5 609 36
610 10 610 27
612 3 612 21
613 10 613 19
616 2 618 5
619 12 619 27
620 11 620 27
622 5 622 38
624 3 624 21
625 10 625 19
626 7 626 44
627 10 627 52
629 10 629 23
632 2 634 5
636 5 636 20
642 5 642 36
643 10 643 50
645 2 645 23
646 9 646 40
649 2 651 5
653 5 653 20
659 5 659 36
660 10 660 45
662 2 662 18
663 9 663 41
666 2 668 5
670 2 670 50
672 2 672 18
673 9 673 71
675 10 675 23
676 1 678 4
681 16 681 21
683 20 683 22
686 6 688 3
689 9 689 16
692 5 692 21
694 4 694 39
695 10 695 27
696 4 696 8
698 4 698 63
700 3 700 78
701 3 701 21
702 3 702 28
705 7 705 44
706 2 706 25
709 2 711 5
713 8 713 51
714 5 714 43
715 37 715 57
718 2 718 15
719 2 719 12
721 12 721 23
722 2 722 17
723 14 723 17
725 2 725 76
726 2 726 20
727 2 727 30
732 24 732 47
733 13 733 41
734 2 737 3
739 2 739 28
742 2 742 26
743 11 743 39
744 6 744 20
745 4 745 17
748 2 750 5
751 49 751 56
752 7 752 40
753 2 753 24
754 9 754 11
757 2 759 5
762 23 762 46
763 3 763 20
764 7 764 34
765 3 765 24
