1 0 3 3
4 0 4 16
5 0 5 18
6 0 6 21
8 14 8 30
10 14 10 55
11 1 13 4
15 13 15 35
18 10 18 55
19 9 19 46
22 2 24 5
25 11 25 32
26 6 26 7
35 5 35 31
36 10 36 50
37 7 37 25
38 10 38 14
40 15 40 37
41 5 41 12
43 10 43 41
45 9 45 39
47 15 47 56
48 1 53 4
59 7 59 14
60 2 63 5
64 5 64 31
65 10 65 43
66 7 66 25
67 10 67 52
69 15 69 37
70 5 70 12
72 10 72 34
74 9 74 32
77 10 77 54
78 9 78 46
84 24 84 54
87 9 87 41
90 9 90 41
93 1 122 4
124 14 134 2
137 17 137 24
138 17 138 21
140 21 140 30
141 16 141 21
142 22 142 32
145 7 145 23
146 9 146 50
148 5 148 18
149 10 149 39
150 7 150 25
151 10 151 31
152 7 152 20
153 10 153 35
154 7 154 26
155 10 155 56
156 7 156 28
157 10 157 35
159 10 159 12
161 9 161 26
