1 0 27 3
28 0 28 10
29 0 29 18
30 0 30 16
31 0 31 13
34 17 43 1
46 1 48 4
51 18 51 26
52 15 52 25
53 18 53 72
62 2 62 23
64 7 64 19
66 2 69 4
72 9 72 22
77 9 77 29
80 2 82 5
83 2 83 20
86 2 88 5
89 2 89 20
92 2 92 18
95 2 95 15
97 11 107 1
113 6 113 46
114 1 124 4
126 4 126 24
128 2 128 43
130 10 130 20
131 15 131 28
132 13 132 59
134 8 134 25
136 15 139 1
158 6 158 18
159 1 181 4
183 14 183 25
184 17 184 28
186 10 186 30
187 9 187 26
190 8 190 15
192 10 192 16
193 61 193 62
194 9 194 43
196 20 196 25
197 23 197 28
199 5 199 25
201 7 201 43
202 6 202 10
203 13 203 21
206 3 206 20
211 3 211 23
212 3 212 26
213 7 213 47
217 9 217 25
218 6 218 21
219 4 219 24
222 21 222 24
225 11 225 30
226 6 226 24
227 4 227 27
231 3 231 45
235 6 235 10
236 4 236 14
237 7 237 11
238 14 238 22
240 8 240 21
