1 0 3 3
4 0 4 10
5 0 5 13
6 0 6 16
7 0 7 16
8 0 8 15
10 0 10 31
11 0 11 30
12 0 12 39
15 1 17 4
19 10 31 2
35 9 37 10
48 9 48 14
50 10 54 2
57 9 57 34
59 11 63 2
66 9 66 35
68 11 72 2
75 9 75 35
77 9 81 2
84 9 84 33
86 10 90 2
93 9 93 45
96 14 96 18
97 14 97 18
100 9 100 56
103 9 103 18
106 9 106 18
110 9 110 51
113 11 113 29
114 5 114 34
115 3 115 63
117 9 117 18
120 1 122 4
125 10 145 2
149 2 151 5
152 9 154 10
156 2 158 5
159 9 161 10
163 9 163 61
167 9 167 32
168 10 168 25
169 9 169 23
173 9 173 23
177 22 177 63
178 6 178 23
179 13 179 18
180 12 180 24
184 8 184 12
185 14 185 32
186 9 186 27
187 9 187 12
190 9 190 79
193 9 204 3
207 5 207 17
208 10 208 29
211 9 211 33
215 3 215 48
215 3 217 2
216 3 217 2
221 10 221 43
225 2 227 5
228 9 228 32
232 23 232 29
233 9 233 72
245 17 245 24
246 15 246 20
247 14 247 18
248 22 248 34
249 18 249 31
250 20 250 30
251 16 251 22
254 24 254 32
254 24 254 38
254 36 254 38
257 9 257 41
262 10 262 31
265 10 265 24
268 2 270 5
271 9 271 22
274 2 278 5
279 9 279 49
282 1 284 4
286 13 286 45
287 10 287 42
288 16 288 48
289 14 289 46
290 12 290 44
291 13 291 45
292 11 292 43
293 12 293 44
297 9 297 25
300 21 300 24
301 9 301 29
304 27 304 30
305 9 305 35
309 9 309 39
312 2 312 22
314 7 314 46
316 5 316 14
317 9 317 25
319 9 323 4
325 9 325 28
328 5 328 22
329 17 329 43
330 14 330 20
331 5 331 29
334 2 336 5
338 5 338 29
339 3 339 30
342 5 342 27
343 3 343 33
346 5 346 33
347 3 347 31
350 5 350 38
351 3 351 78
356 17 356 53
357 9 357 18
360 5 360 22
361 6 361 73
363 7 363 31
364 14 364 44
365 6 365 45
366 9 366 37
367 14 367 44
368 6 368 44
370 14 370 44
371 6 371 34
373 13 373 43
374 5 374 24
