1 0 3 3
4 0 4 10
5 0 5 15
6 0 6 16
8 0 8 20
9 0 9 20
12 17 12 56
13 7 13 21
14 17 14 35
16 17 16 43
19 17 19 54
21 14 24 1
26 21 29 1
32 1 34 4
36 4 36 34
37 2 37 76
39 6 39 69
41 2 41 62
43 6 43 37
45 14 45 53
46 3 46 57
48 6 48 73
49 2 49 39
52 2 52 34
54 12 54 80
55 10 55 18
56 5 56 33
57 15 57 56
58 7 58 29
59 5 59 33
60 7 60 34
61 12 61 32
62 4 62 11
64 3 64 7
67 20 67 25
68 5 68 30
69 3 69 61
70 3 70 77
71 7 71 28
72 3 72 47
73 7 73 38
75 15 75 54
76 4 76 58
77 7 77 60
79 3 79 7
80 7 80 36
81 3 81 7
82 7 82 50
83 3 83 37
85 3 85 58
88 1 90 4
91 26 91 47
92 5 92 33
93 3 93 61
94 7 94 32
95 3 95 66
97 3 97 7
99 17 240 18
242 26 242 89
243 24 243 46
247 29 281 3
284 22 319 3
322 29 322 52
323 28 323 50
326 5 326 36
327 5 327 23
328 5 328 14
330 1 330 37
331 10 331 57
332 8 332 17
335 5 335 38
336 5 336 23
337 8 337 17
339 1 339 40
340 10 340 61
341 8 341 20
344 7 344 41
345 8 345 28
346 8 346 28
348 20 348 34
349 1 349 43
350 1 350 18
352 8 352 12
355 7 355 33
356 11 356 44
357 8 357 102
360 1 362 4
364 9 364 40
365 1 365 41
366 8 366 13
369 1 371 4
374 30 374 35
376 4 376 30
377 17 377 56
378 34 378 38
379 2 379 21
380 6 380 32
381 17 381 69
382 2 382 14
383 5 383 19
384 3 384 37
386 35 386 45
387 2 387 21
388 6 388 48
389 2 389 6
391 17 391 56
392 5 392 23
393 13 393 64
393 18 393 57
394 3 394 54
395 3 395 22
397 3 397 15
398 3 398 7
400 8 400 12
403 8 403 16
404 4 404 31
405 9 405 51
407 9 407 39
409 8 409 12
412 8 412 16
413 4 413 31
414 9 414 51
416 9 416 21
418 1 418 38
421 1 423 4
425 4 425 70
426 2 426 12
429 12 429 38
430 2 430 42
433 1 436 4
438 13 438 19
439 5 439 37
440 18 440 36
441 3 441 74
442 7 442 38
443 18 443 36
444 3 444 13
446 3 446 66
449 16 449 67
450 15 450 65
452 14 452 24
453 23 453 33
455 4 455 33
456 25 456 41
456 25 456 65
456 45 456 65
457 20 457 32
459 8 459 19
462 1 466 4
468 10 468 36
469 5 469 30
470 3 470 11
471 2 471 9
472 2 472 39
475 1 477 4
480 13 480 69
483 13 483 22
485 5 485 36
486 13 486 45
487 7 487 61
488 16 488 46
491 13 491 84
492 2 492 18
493 2 493 28
502 1 505 4
506 25 506 58
509 4 509 34
510 15 510 20
511 6 511 39
512 4 512 12
513 6 513 57
514 4 514 12
516 3 516 29
518 4 518 33
519 14 519 20
520 2 520 30
521 14 521 64
522 19 522 28
525 20 525 34
526 19 526 80
527 2 527 33
528 2 528 34
531 2 531 38
532 14 532 64
533 19 533 28
536 1 540 3
541 8 541 38
