1 0 3 3
4 0 4 17
5 0 5 11
6 0 6 36
7 0 7 44
8 0 8 46
10 0 10 37
11 0 11 44
16 13 16 18
17 16 17 38
18 2 18 27
24 13 24 18
25 27 25 49
26 2 26 38
30 13 30 18
31 2 31 47
36 1 47 4
49 9 49 48
51 13 51 18
52 5 52 33
53 8 53 16
54 7 54 44
56 12 56 30
57 8 57 18
60 28 60 50
61 10 61 20
62 4 62 8
64 16 64 54
65 7 65 45
66 5 66 29
68 8 68 13
71 1 88 4
90 21 90 34
91 10 91 19
93 14 93 28
94 2 94 18
95 15 95 29
97 8 97 38
98 3 98 64
99 8 99 40
100 3 100 45
103 1 113 4
115 7 115 9
116 19 116 34
117 11 117 16
118 22 118 33
119 24 119 50
121 8 121 11
124 1 127 4
133 6 133 28
134 8 134 57
135 11 135 59
136 10 136 57
138 14 138 23
139 6 139 22
141 7 141 42
142 5 142 53
143 14 143 30
144 8 144 24
146 7 146 42
147 5 147 53
148 16 148 32
150 20 150 42
152 10 152 34
153 11 153 19
154 5 154 13
157 4 157 19
158 4 158 35
159 4 159 12
164 5 164 40
165 3 165 51
168 1 170 4
172 15 172 45
173 15 173 32
174 6 174 8
175 4 175 11
177 59 177 63
178 6 178 8
179 6 179 8
181 28 181 35
182 12 182 42
183 12 183 45
185 8 185 14
188 1 193 4
195 6 195 28
196 8 196 46
197 8 197 44
199 5 199 31
200 9 200 45
201 13 201 23
204 13 204 24
206 12 206 63
207 10 207 55
209 9 209 57
211 63 211 70
212 12 212 29
214 39 214 46
215 6 215 19
216 14 216 70
217 11 217 12
219 8 219 16
222 1 227 4
229 6 229 28
230 8 230 46
231 8 231 44
232 8 232 45
234 12 234 59
235 10 235 55
236 10 236 39
238 9 238 58
241 8 244 3
247 1 249 4
251 12 251 33
252 11 252 28
253 12 253 31
255 6 255 26
256 10 256 22
257 11 257 16
258 14 258 49
261 6 261 26
262 12 262 24
263 12 263 19
264 12 264 23
265 12 265 18
266 19 266 58
268 6 268 25
269 10 269 22
271 8 271 29
274 11 274 19
275 16 275 18
276 5 276 21
278 3 278 11
280 8 280 27
280 8 280 35
281 5 281 17
283 3 283 11
285 5 285 24
289 3 289 11
291 9 291 38
292 9 292 25
293 18 293 22
295 5 295 18
296 3 296 30
299 1 303 4
305 20 305 24
306 7 306 64
307 4 307 20
308 9 308 12
309 8 309 37
311 1 311 27
312 13 312 20
313 8 313 11
316 1 318 4
321 9 321 19
322 9 322 18
324 25 324 39
325 33 325 41
326 2 326 33
327 14 327 34
328 15 328 16
330 8 330 32
333 1 335 4
338 25 338 39
339 33 339 41
340 2 340 33
341 14 341 34
342 15 342 16
344 8 344 37
347 1 349 4
351 9 351 26
352 13 352 26
353 2 353 54
355 10 355 24
356 2 356 10
358 8 358 13
361 1 363 4
366 8 366 32
367 9 367 44
370 17 370 51
372 8 377 2
380 1 382 4
387 10 387 45
388 8 388 44
